[ 110.33604721  108.49104721  101.51104721  103.25604721  100.29104721
  102.46104721  106.06104721  109.14604721  109.39104721  112.67604721
  113.28604721  111.32604721  112.89604721  112.06604721  109.62104721
  110.55104721  112.32604721  116.35604721  115.45604721  115.04104721
  117.38604721  118.94604721  120.98104721  122.68604721  122.45104721
  121.83104721  123.46104721  125.89604721  126.43104721  127.69604721
  126.07104721  124.65104721  123.13104721  128.29104721  128.83104721
  126.74604721  127.07104721  126.75104721  125.24604721  124.70104721
  113.12604721  116.87104721  114.74604721  114.68104721  115.44604721
  111.40104721  110.92104721  112.94104721  113.74604721  112.72104721
  114.78604721  118.24604721  120.18104721  123.86104721  123.08604721
  123.66604721  123.82104721  123.85104721  123.11604721  119.49604721
  121.94604721  122.06604721  122.82604721  115.00604721  106.81604721
  103.67104721  102.26104721  106.13104721  105.08604721  100.45604721
  106.00104721  104.11604721  104.81604721  109.64604721  107.71604721
  107.78604721  110.35104721  108.60104721  108.11604721  105.82604721
  112.55604721  116.50604721  117.59604721  116.36604721  112.60104721
  113.20104721  115.16604721  118.30604721  120.50104721  120.18604721
  118.34604721  114.06604721  115.83104721  108.75604721  111.36104721
  113.73104721  117.50104721  117.55104721  118.00604721  117.83104721
  121.20604721  120.68104721  121.49604721  121.58604721  123.87604721
  124.44104721  123.53604721  122.31604721  123.76104721  122.04104721
  123.48604721  126.25604721  125.07104721  126.19104721  127.80604721
  127.80104721  127.81604721  142.84104721  146.03604721  146.92604721
  149.39104721  156.10104721  159.84104721  160.34104721  163.40104721
  162.69604721  162.97604721  162.75604721  158.53604721  158.85604721
  161.96104721  161.53604721  163.23104721  169.20604721  171.50604721
  172.28104721  173.92604721  172.50104721  172.57104721  165.96104721
  165.49104721  165.64104721  161.78104721  160.20104721  160.80604721
  165.44104721  163.62104721  163.93104721  164.30604721  158.64604721
  158.24104721  159.18104721]
[ 1.97930016  0.51430016  0.          0.          0.          0.
 -0.04430016  0.         -0.05430016  0.          0.08930016  0.          0.
  0.15930016 -0.16430016  0.         -0.11930016 -0.93930016  0.          0.
 -0.21930016 -0.31930016  0.         -0.07930016  0.          0.
 -0.12430016 -0.14930016  0.         -0.34930016  0.80430016  0.21430016
 -1.28430016  0.         -0.16430016  0.          0.          0.          0.
  0.85430016  0.          1.01430016  0.          0.          1.54930016
  0.23430016  0.         -0.40430016  0.         -0.87430016  0.
 -0.16930016 -0.41430016 -1.26430016  1.21930016 -0.71930016  0.          0.
  0.          0.84930016  0.95930016 -0.53930016  0.          1.61930016
  0.20930016  0.84430016  0.         -1.50430016 -0.33930016  1.55930016
  0.          1.54930016  0.          0.          0.          0.          0.
  0.          0.24930016  0.         -1.17930016 -0.60930016  0.          0.
  0.          0.         -1.53930016 -1.02930016  0.          0.
  0.92930016  0.         -0.20430016 -1.23930016  1.31430016 -1.01430016
  0.          0.          0.          0.         -0.03930016  0.          0.
  0.         -0.39930016  0.          0.          0.         -0.15430016
  0.         -0.07930016  0.          0.07430016  0.          0.          0.
 -1.36930016 -2.63430016  0.         -0.03930016 -1.84430016 -0.93430016
  0.04430016  0.          0.          0.20930016  0.43930016  0.
  0.98930016 -1.16930016  0.99430016 -1.68930016 -0.24430016 -1.18930016
  0.         -1.21430016  0.28930016  0.          0.          0.73430016
 -0.65430016  0.50430016  0.         -0.09430016 -0.48930016  0.52430016
  0.          0.          0.         -0.10930016  2.50430016 -2.00430016]
[ 1.03447209  0.          0.40514705  0.          0.94961927  0.
 -0.86476646  0.          0.68798976  0.57485268 -0.54656841  0.          0.
  0.          0.          0.17887288 -0.0657358  -0.7021319   0.
 -0.00916725  0.          0.44757346  0.75162937 -0.46171559 -0.2637257   0.
 -0.05159366  0.14351754  0.         -0.65970549  0.1081622   0.          0.
  0.         -0.34857851  0.          0.         -0.1081622   0.          0.
  0.         -0.44757346  0.00209619 -0.36272064  0.         -0.03745153
 -0.04452259  0.03745153  0.         -0.18594395  0.          0.          0.
  0.03745153 -0.42636026  0.          0.         -0.11523327 -0.2849389
  0.17887288  0.         -0.05866473  0.05159366  0.03745153 -0.14351754
 -0.39807598  0.          0.          0.          0.          0.29908103
 -0.29200997  0.02330939  0.          0.00209619 -0.25665463  0.36272064
  0.          0.          0.83648219  2.03149265 -1.78400528  0.          1.5365179
  0.         -0.83648219 -0.00209619  0.         -0.05866473  0.87183753
  0.04452259  0.          0.71627404 -0.46171559  0.09402007  0.          0.
  0.          0.76577151 -0.04452259  0.         -0.46171559  0.
 -0.97790354  0.34150744  0.         -0.07987793  0.41928919  0.          0.
  0.          0.          0.12937541  0.          0.00916725  0.33443637
 -1.1405381   0.39807598  0.          0.         -0.67384763  0.99204568
  0.          0.         -0.15058861  0.05866473  0.          1.45873616
  0.          0.80819792  0.4829288   0.7233451  -0.86476646 -0.66677656
  0.          0.11523327  0.          0.12230434  0.          1.39509655
 -0.27079676  0.34150744 -0.19301502  0.         -0.03745153 -1.7132946   0.
  0.          0.         -0.17887288  0.          0.          0.          0.
  0.         -0.14351754 -0.12230434  0.25665463  0.71627404  0.
 -1.43752295  0.17180181 -0.40514705  0.11523327  0.          0.          0.
  0.53242627  0.          0.          0.          0.0657358   0.
  0.12230434  0.         -0.35564958  0.          0.          0.48999987
  0.          0.01623832  0.0657358   0.          0.         -0.07280686
 -0.61020802  1.06982743 -0.85062432  0.2849389  -0.11523327 -0.54656841
 -0.32029424 -0.34150744  0.          0.          0.          0.          0.
  0.         -0.37686278 -0.89305073  0.          0.          0.          0.
  0.          0.          0.         -0.17887288  0.          0.          0.
  0.086949    0.03745153  0.          0.          0.          0.
 -0.07280686  0.41221812  0.         -0.43343132  0.          0.          0.
  0.         -0.12230434  0.          0.          0.          0.          0.
  0.10109114  0.         -2.06684799 -1.65672605  1.04861422  0.
 -0.00209619  0.         -0.086949   -0.80819792 -0.83648219  0.          0.
  0.         -0.56071054 -0.00916725  0.          0.          0.1081622   0.
  0.          0.          0.          0.25665463  1.89007129  0.11523327
  0.         -0.58899481  0.          0.65263443  0.          0.
  0.20008609  0.         -0.65970549  0.         -0.21422822  0.          0.
 -1.76986314 -0.12937541  0.02330939  0.          0.          0.
  0.34150744  1.52944683  0.          0.          0.          0.504142    0.
  0.          0.          0.36979171  0.15765968 -0.43343132 -1.76986314
  0.          0.09402007  0.05866473  0.          0.         -0.14351754
  0.          0.          0.          0.          0.          0.
 -0.33443637 -1.08396956]
