[ 122.94   120.395  113.     114.505  112.34   113.27   117.1    119.95
  120.075  123.36   124.63   122.37   123.745  123.535  120.835  121.48
  123.21   127.315  126.835  125.99   128.255  130.32   131.495  133.46
  133.225  132.835  134.785  136.495  137.115  138.775  137.57   135.6
  134.2    138.985  140.105  137.74   138.14   138.05   135.83   135.975
  127.33   128.195  125.845  126.34   127.325  122.26   122.     123.665
  124.915  123.87   126.06   128.885  131.51   135.285  134.545  134.345
  134.975  135.28   134.87   131.5    134.18   132.65   133.79   126.655
  119.865  115.55   113.84   117.715  116.72   112.465  117.14   115.675
  115.97   120.23   119.11   118.7    121.44   119.41   119.19   117.385
  123.675  127.515  128.52   127.47   123.915  124.91   126.265  129.515
  131.39   131.085  129.395  125.73   127.355  120.605  122.545  124.91
  128.805  128.3    128.65   128.64   131.975  131.47   131.92   132.295
  134.675  135.22   134.635  133.535  134.65   133.59   134.615  137.015
  136.64   136.96   138.5    138.88   139.13   154.28   157.32   157.71
  160.42   166.51   171.23   172.17   173.835  173.82   174.335  174.01
  171.145  169.5    173.29   172.885  174.26   180.175  182.125  183.03
  185.72   184.385  184.525  179.19   176.665  177.02   173.915  172.325
  172.715  177.2    174.725  174.99   175.055  170.91   169.27   170.055]
[ 2.3    1.295  0.61  -0.355  0.95  -0.84  -0.27  -0.02  -0.705 -0.39  -0.47
  0.27   0.035  0.215 -0.405  0.03  -0.15  -1.435  0.085  0.06  -0.485
  0.07  -0.315 -0.76   0.285 -0.215 -0.605 -0.725 -0.385 -0.815  1.2    0.92
 -1.34  -0.455 -0.795  0.04   0.35   0.31   0.12   0.625  1.03   0.995
  0.725  1.     0.855  0.73   0.87  -0.935  0.365 -0.74  -0.48  -0.715
 -0.34  -2.465  1.475 -1.025  0.715 -0.43   0.16   1.58   0.21  -1.09  -0.04
  1.535  0.625  1.4   -0.16  -1.475 -0.94   1.145 -0.97   1.375 -0.83  -0.37
 -0.07  -0.18   0.35  -0.15   0.8   -0.075 -2.125 -1.455 -0.19   0.56
  0.345 -0.05  -2.125 -1.455 -0.35  -0.415  0.985  0.72  -0.505 -0.155
  1.655 -1.6   -0.395  0.03  -0.22  -0.04  -0.785  0.29   0.02  -0.075
 -0.695  0.08   0.475  0.635 -0.67  -0.39  -0.635 -0.865 -0.18  -0.25  -0.52
  0.25  -1.38  -2.88   0.44  -0.98  -2.39  -1.39  -0.23   0.44  -0.485
  0.73   0.605 -0.34   2.245 -1.67   0.64  -1.875 -0.55  -1.735 -0.515
 -1.77   1.31   0.605 -0.325  2.62  -1.175  1.18   1.435  0.615 -1.015
  0.98  -0.105 -0.33  -0.525  0.28   2.77  -2.725]
[ 0.48083261  0.60811183  0.07778175 -0.21213203  0.27577164 -0.27577164
 -0.92630988  0.62225397 -0.04949747  0.27577164 -0.79903066  0.0212132
  0.44547727  0.03535534 -0.36062446  0.2192031  -0.28991378 -1.21622366
 -0.30405592  0.06363961 -0.12727922 -0.45254834  0.4384062  -0.56568542
 -0.04242641 -0.27577164 -0.31819805  0.5939697   0.60104076 -1.18793939
  0.26162951 -0.03535534 -0.04242641 -0.14142136 -0.94752309  0.14849242
 -0.08485281  0.31819805  0.26162951  0.26162951  0.00707107 -0.70710678
  0.1767767  -0.74246212  0.07071068 -0.38890873 -0.26870058  0.11313708
 -0.10606602 -0.25455844  0.12727922  0.19091883  0.05656854  0.20506097
 -0.86974134  0.09899495 -0.2192031  -0.09899495 -0.4384062   0.03535534
  0.13435029  0.10606602  0.18384776  0.16970563 -0.38183766 -0.52325902
 -0.23334524  0.32526912  0.16263456 -0.22627417  0.94752309 -0.35355339
  0.28991378 -0.07778175  0.33941125 -0.18384776  0.60104076 -0.07778175
 -0.08485281  0.89802561  1.78190909  0.24041631  0.19091883  1.06066017
 -0.53033009 -0.90509668  0.94752309 -0.01414214 -0.28284271  1.98697006
  0.58689863  0.54447222  0.60104076 -0.6151829   0.71417785 -0.08485281
  0.55154329  0.37476659  0.84145707 -0.48790368 -0.04242641 -0.4384062
  0.13435029 -1.32936075  0.34648232 -0.24748737 -0.36769553  0.2192031
 -0.22627417  0.51618795 -0.11313708 -0.19091883  0.37476659  0.01414214
 -0.13435029 -0.03535534 -0.68589358  0.55861436  0.05656854  0.28284271
 -0.77074639  1.43542677 -0.31112698 -0.02828427 -0.60104076  0.19091883
 -0.04949747  0.79195959  1.4495689  -0.08485281  1.27986327  1.26572114
 -0.45254834 -0.21213203  0.21213203 -0.07778175  0.12727922 -0.4384062
  0.16263456  2.47487373 -0.72831998  0.27577164 -0.50204581  1.32936075
 -0.76367532 -1.13137085 -0.04242641  0.35355339 -0.02828427  0.11313708
  0.07071068  0.4384062   0.10606602  0.04949747 -0.16970563 -0.6363961
 -0.09192388  0.51618795  0.31819805 -0.21213203 -1.95868578  0.         -0.6363961
 -0.24748737  0.30405592 -0.40305087  0.57275649  0.77074639  0.18384776
 -0.14849242 -0.24041631  0.11313708 -0.12727922 -0.03535534  0.22627417
 -1.0111627   0.08485281 -0.07071068  0.67175144  0.01414214  0.41012193
 -0.19091883  0.34648232 -0.28991378  0.60104076 -0.31112698  2.085965
 -1.17379726  0.12727922  0.2192031  -0.72831998 -0.43133514 -1.09601551
  0.28284271 -0.09192388  0.06363961 -0.06363961  0.34648232 -0.01414214
 -0.46669048 -1.09601551  0.14142136  0.26870058 -0.33941125 -0.01414214
  0.05656854 -0.32526912  0.06363961 -0.15556349 -0.12020815  0.09899495
 -0.02828427  0.1767767   0.31112698  0.2192031  -0.26870058 -0.1979899
 -0.33941125  0.28284271 -0.31112698  0.09899495 -0.62932504 -0.14849242
  0.16970563  0.50911688  0.87681241 -0.20506097  0.10606602  0.08485281
 -0.36769553 -0.0212132   0.65760931  0.44547727 -0.40305087 -2.19203102
 -2.63043723  0.74953319  0.02828427 -0.27577164 -0.14849242 -0.20506097
 -1.23743687 -1.0323759  -0.1979899   0.          0.08485281 -0.26162951
  0.60104076 -0.19091883  0.01414214 -0.16263456  0.1767767   0.41012193
  0.34648232 -0.09192388 -0.13435029  2.085965   -0.31112698 -0.12020815
 -0.82731493 -0.0212132   0.24748737  0.84145707 -0.09899495  0.77074639
 -0.10606602 -0.67882251 -0.12020815 -0.48790368 -0.02828427 -0.12727922
 -2.23445743  0.57275649  0.16263456  0.50204581  0.15556349 -0.6363961
  0.54447222  0.37476659 -0.30405592  0.48790368  0.14142136  0.50911688
  0.35355339  1.22329473  0.6363961  -0.73539105  0.31819805  0.09899495
 -1.67584307  0.05656854  0.36769553  0.60811183 -0.44547727  0.01414214
  0.25455844  0.30405592 -0.42426407  1.12429978  0.03535534  0.07071068
 -0.36769553 -0.62932504 -0.93338095]
