[ 122.605  119.615  111.67   112.98   111.465  111.81   115.825  118.77
  118.93   122.08   123.825  121.19   122.815  122.805  120.18   120.56
  122.415  125.88   126.225  125.305  126.76   128.84   130.91   132.825
  132.46   132.18   133.785  135.605  136.055  138.095  136.915  135.02
  133.8    138.095  139.065  137.23   137.5    137.175  135.155  135.17
  124.64   127.365  125.035  125.41   126.31   121.465  121.435  122.03
  124.315  122.525  124.83   127.35   130.15   134.435  133.995  133.095
  134.2    134.725  133.42   130.09   132.925  131.84   133.18   125.915
  119.435  113.985  112.255  115.795  115.445  111.225  115.785  114.555
  113.97   119.21   118.67   117.72   120.3    118.81   118.25   116.03
  121.695  125.965  127.455  126.66   122.71   123.745  123.935  128.095
  130.635  129.93   128.565  124.42   126.415  119.37   121.305  123.65
  128.35   127.81   128.02   127.615  130.94   130.86   131.25   131.86
  133.62   134.85   133.25   132.4    133.985  132.645  132.765  136.18
  135.97   135.775  137.855  138.545  138.065  149.615  156.24   157.155
  158.57   165.625  169.795  170.185  172.83   173.445  173.75   172.495
  169.865  168.245  172.2    171.43   173.61   178.11   181.015  181.565
  184.995  183.77   183.34   177.365  174.47   175.895  172.985  170.615
  171.265  176.435  173.91   174.04   174.115  169.785  167.78   167.51 ]
[ 2.075  1.075  0.97  -1.15   1.205 -1.37  -0.655 -0.38  -0.82  -0.29
 -0.535  0.41   0.085  0.085 -0.19   0.57  -0.205 -1.28   0.245  0.115
 -0.62   0.2   -0.34  -0.895  0.31   0.36  -1.045 -1.065 -0.705 -0.765
  1.345  1.05  -1.31  -0.885 -0.405  0.36   0.44   0.625  0.485  0.43  -0.26
  0.905  0.465  0.39   0.34   0.655  0.755 -1.32   0.085 -0.375 -0.47   0.12
  0.41  -2.635  1.295 -0.965  1.1   -0.445 -0.49   1.06  -0.945 -0.9   -0.05
  1.735  0.525  0.625 -0.075 -1.195 -0.195  0.755 -1.905  1.455 -0.2   -0.43
 -0.31  -0.03  -0.03   0.02   0.22   0.41  -2.875 -1.775 -0.215  0.07   0.64
 -0.225 -1.295 -0.785  0.145 -0.16   1.155  0.67  -0.235 -0.18   1.845 -1.8
 -0.53  -0.09  -0.06   0.335 -1.31   0.33  -0.09  -0.04  -0.8    0.19   1.
  0.16  -0.395 -0.635 -0.335 -0.66  -0.25  -0.115 -0.005  0.415 -0.715
 -3.935  0.35  -0.815 -2.    -1.525 -0.545 -0.905 -0.61   0.765  0.55
 -0.695  2.175 -1.515  0.41  -1.55  -0.29  -2.37  -0.685 -1.065  1.105
  0.51  -0.52   3.265 -1.15   1.015  1.365  0.815 -0.785  0.465  0.16   0.25
 -0.345  0.395  2.85  -1.91 ]
[ 0.3959798   0.53033009 -0.53033009  0.01414214  0.834386   -0.97580736
 -0.65760931  0.92630988 -0.40305087  0.1979899  -0.97580736 -0.38183766
  0.23334524  0.25455844 -0.37476659 -0.30405592  0.13435029 -0.53033009
 -0.19091883 -0.07778175  0.00707107  0.02828427  0.05656854 -0.36769553
 -0.07071068 -0.03535534  0.1767767   0.55154329  0.75660426 -0.98287843
  0.2192031   0.10606602  0.06363961 -0.05656854 -0.93338095 -0.70710678
  0.0212132   0.48083261  0.11313708  0.14849242 -0.72124892  0.01414214
 -0.01414214 -0.91923882 -0.03535534 -0.28991378  0.23334524 -0.12727922
 -0.34648232  0.1767767   0.12727922  0.11313708  0.08485281 -0.06363961
 -0.45254834  0.03535534 -0.13435029  0.04242641 -0.28991378 -0.11313708
  0.26870058 -0.14849242  0.12020815 -0.14849242 -0.34648232 -0.47376154
 -0.88388348  0.1979899   0.24041631 -0.64346717  0.91216775  0.16263456
 -0.05656854  0.08485281  0.21213203  0.07778175  0.57982756 -0.12020815
 -0.25455844  0.79195959  4.10121933  0.91923882 -0.2192031   0.53740115
 -0.18384776 -0.68589358  1.4707821  -0.18384776 -0.79903066  1.63341666
  0.65053824  0.55861436  0.24748737 -0.50911688  1.08187338 -0.6151829
  0.49497475  0.38890873  0.44547727 -1.38592929 -0.25455844  0.32526912
 -0.14849242 -0.12020815 -0.02828427 -0.5939697   0.15556349 -0.23334524
 -0.64346717  0.72124892 -0.85559921 -0.77781746  0.48083261 -0.53740115
 -0.1979899  -0.34648232  0.51618795  0.99702056  0.04949747  0.40305087
 -1.30107648  1.36471609 -0.6363961  -0.35355339 -0.38890873  0.60104076
  0.1767767   0.89095454  1.6263456  -0.00707107  1.2091526   1.48492424
 -0.49497475  0.44547727 -0.31112698 -0.94045202  0.36062446 -1.07480231
  0.98994949  1.88797511 -1.8243355   0.00707107 -0.71417785  1.90918831
 -1.06773124  0.45961941 -0.26870058  0.3959798   0.04242641  0.14142136
  0.43133514  0.14849242 -0.12020815 -0.24748737 -0.16263456 -0.09192388
  0.30405592  0.60104076 -0.05656854 -0.14142136 -1.51320851 -0.84145707
 -0.64346717 -0.55154329  0.02828427 -0.03535534  0.38890873  0.55861436
  0.10606602 -0.47376154 -0.29698485  0.40305087 -0.15556349 -1.29400541
  0.28991378 -0.70710678  0.25455844  0.68589358  0.89802561 -0.57275649
  0.09899495  0.31819805  0.19091883 -0.60104076  0.50911688 -0.53033009
  1.251579   -0.82731493  0.07778175  1.01823376 -0.57275649 -0.43133514
 -1.17379726  0.4384062  -0.35355339  0.07071068  0.          0.05656854
 -0.24748737 -0.07071068 -0.45961941 -0.07778175  0.45961941 -0.417193
 -0.31112698 -0.07071068 -0.22627417  0.05656854 -0.11313708 -0.35355339
  0.16970563  0.24041631  0.13435029  0.0212132  -0.01414214 -0.04242641
 -0.06363961 -0.28284271  0.84145707 -0.08485281 -0.19091883 -0.48083261
 -0.04242641 -0.11313708  0.56568542  0.97580736  0.02828427  0.19091883
  0.06363961 -0.79195959  0.07071068  0.58689863  0.26162951 -0.4384062
 -1.95161472 -0.67175144  0.10606602 -0.0212132  -0.24041631 -0.16263456
 -0.14849242 -0.51618795 -0.35355339  0.03535534 -0.55861436  0.26870058
 -1.07480231  1.0535891  -0.45254834 -0.3959798  -0.07778175  0.33941125
  0.26870058  0.29698485 -0.24041631 -0.23334524  1.54149278 -0.30405592
  0.09192388 -1.35764502 -0.50204581  0.417193    0.84852814 -0.42426407
  0.67882251 -0.74953319 -0.60811183 -0.22627417 -0.48790368 -0.46669048
 -0.09899495 -2.085965    1.15965512  0.43133514  0.76367532  0.45254834
 -0.55154329  0.14142136 -0.06363961 -0.22627417  1.59806133 -1.11722871
 -0.36062446  0.77781746  1.76069589  0.38183766  0.30405592 -0.65053824
  0.36769553 -0.74246212  0.14142136  0.54447222  0.45961941 -1.15258405
  0.14849242  0.51618795  0.28991378 -0.18384776  1.44249783 -0.68589358
 -0.79903066 -0.24748737 -0.72124892 -1.13137085]
