21456.764625000007
21456.764625000007
21456.764625000007
21456.764625000007
21835.642575000005
21835.642575000005
21835.642575000005
21835.642575000005
21617.239750000008
21617.239750000008
21617.239750000008
21617.239750000008
22796.38230000001
22796.38230000001
22796.38230000001
22796.38230000001
22614.154800000008
22614.154800000008
22614.154800000008
22614.154800000008
22558.077625000005
22558.077625000005
22558.077625000005
22558.077625000005
22103.404800000008
22103.404800000008
22103.404800000008
22103.404800000008
21280.069825000006
21280.069825000006
21280.069825000006
21280.069825000006
20641.667500000007
20641.667500000007
20641.667500000007
20641.667500000007
21197.569825000006
21197.569825000006
21197.569825000006
21197.569825000006
20866.597675000005
20866.597675000005
20866.597675000005
20866.597675000005
20307.222175000006
20307.222175000006
20307.222175000006
20307.222175000006
19643.770500000006
19643.770500000006
18508.475600000005
18508.475600000005
17120.230500000005
18878.259800000007
19523.754850000005
19523.754850000005
18902.345200000007
18902.345200000007
18902.345200000007
18902.345200000007
17611.14012500001
17611.14012500001
17611.14012500001
17611.14012500001
15394.975100000007
15394.975100000007
15394.975100000007
15394.975100000007
16875.07030000001
16875.07030000001
14991.899900000006
14991.899900000006
14637.810075000003
14637.810075000003
14637.810075000003
14637.810075000003
12925.689950000005
12925.689950000005
11154.570300000003
12807.349600000005
13974.970200000005
13974.970200000005
13974.970200000005
13974.970200000005
14358.389900000004
14358.389900000004
13478.344950000004
15238.434850000003
13824.167500000005
13824.167500000005
13824.167500000005
13824.167500000005
13441.61475
13441.61475
12499.175300000006
12499.175300000006
12027.149900000004
12027.149900000004
13001.174800000006
13001.174800000006
13650.010000000004
13650.010000000004
13650.010000000004
13650.010000000004
13869.514875000003
13869.514875000003
13869.514875000003
13869.514875000003
15199.912600000003
15199.912600000003
15199.912600000003
15199.912600000003
15315.554925000002
15315.554925000002
15315.554925000002
15315.554925000002
15206.169900000004
15206.169900000004
14163.959950000002
14163.959950000002
14345.832525000002
14345.832525000002
14345.832525000002
14345.832525000002
15369.284925000005
15369.284925000005
15369.284925000005
15369.284925000005
14145.097425000002
14145.097425000002
14145.097425000002
14145.097425000002
13170.922600000004
13170.922600000004
13170.922600000004
13170.922600000004
12870.262450000002
12870.262450000002
12870.262450000002
12870.262450000002
13043.247550000002
13043.247550000002
13043.247550000002
13043.247550000002
13568.314925000004
13568.314925000004
13568.314925000004
13568.314925000004
13465.087400000004
13465.087400000004
13465.087400000004
13465.087400000004
12892.884750000003
12892.884750000003
12892.884750000003
12892.884750000003
12904.380150000003
12904.380150000003
12904.380150000003
12904.380150000003
12929.990200000006
12929.990200000006
11923.620100000004
11923.620100000004
11983.762500000003
11983.762500000003
11983.762500000003
11983.762500000003
12296.684800000003
12296.684800000003
12296.684800000003
12296.684800000003
13102.975100000003
13102.975100000003
13102.975100000003
13102.975100000003
13587.692375000004
13587.692375000004
13587.692375000004
13587.692375000004
13860.562525000003
13860.562525000003
13860.562525000003
13860.562525000003
14588.447225000005
14588.447225000005
14588.447225000005
14588.447225000005
15010.069800000005
15010.069800000005
15010.069800000005
15010.069800000005
15631.297600000005
15631.297600000005
15631.297600000005
15631.297600000005
15166.282700000005
15166.282700000005
15166.282700000005
15166.282700000005
15265.890150000005
15265.890150000005
15265.890150000005
15265.890150000005
16837.095200000007
16837.095200000007
16837.095200000007
16837.095200000007
17026.340325000005
17026.340325000005
17026.340325000005
17026.340325000005
17058.847900000004
17058.847900000004
17058.847900000004
17058.847900000004
17127.600100000007
17127.600100000007
17127.600100000007
17127.600100000007
17711.769550000005
17711.769550000005
18708.26465000001
18708.26465000001
18557.77737500001
18557.77737500001
18557.77737500001
18557.77737500001
18601.057625000005
18601.057625000005
18601.057625000005
18601.057625000005
18222.135250000007
18222.135250000007
18222.135250000007
18222.135250000007
17750.950200000003
17750.950200000003
17750.950200000003
17750.950200000003
18498.219725000006
18498.219725000006
18498.219725000006
18498.219725000006
18176.432600000004
18176.432600000004
18176.432600000004
18176.432600000004
17714.77247500001
17714.77247500001
17714.77247500001
17714.77247500001
18228.75975000001
18228.75975000001
18228.75975000001
18228.75975000001
19399.847175000006
19399.847175000006
19399.847175000006
19399.847175000006
20225.27737500001
20225.27737500001
20225.27737500001
20225.27737500001
20618.939950000007
20618.939950000007
20618.939950000007
20618.939950000007
20681.409525000003
20681.409525000003
20681.409525000003
20681.409525000003
20823.172850000006
20823.172850000006
20823.172850000006
20823.172850000006
20267.665525000008
20267.665525000008
20267.665525000008
20267.665525000008
20432.017575000005
20432.017575000005
20432.017575000005
20432.017575000005
20121.835450000006
20121.835450000006
20121.835450000006
20121.835450000006
19855.007300000005
19855.007300000005
19855.007300000005
19855.007300000005
20988.970200000003
20988.970200000003
20988.970200000003
20988.970200000003
21163.047675000005
21163.047675000005
21163.047675000005
21163.047675000005
21607.05470000001
21607.05470000001
21607.05470000001
21607.05470000001
20971.402800000007
20971.402800000007
20971.402800000007
20971.402800000007
20553.395525000007
20553.395525000007
20553.395525000007
20553.395525000007
21422.319825000006
21422.319825000006
21422.319825000006
21422.319825000006
21820.850100000007
21820.850100000007
21820.850100000007
21820.850100000007
22139.814950000004
22139.814950000004
22139.814950000004
22139.814950000004
21937.58252500001
21937.58252500001
21937.58252500001
21937.58252500001
21477.415050000007
21477.415050000007
21477.415050000007
21477.415050000007
21958.21287500001
21958.21287500001
21958.21287500001
21958.21287500001
22591.485325000005
22591.485325000005
22591.485325000005
22591.485325000005
22839.032200000005
22839.032200000005
22839.032200000005
22839.032200000005
22584.177300000007
22584.177300000007
22584.177300000007
22584.177300000007
21881.884775000006
21881.884775000006
21881.884775000006
21881.884775000006
22399.39257500001
22399.39257500001
22399.39257500001
22399.39257500001
21820.180175
21820.180175
21820.180175
21820.180175
21675.157250000007
21675.157250000007
21675.157250000007
21675.157250000007
21188.885050000008
21188.885050000008
21188.885050000008
21188.885050000008
21572.537625000004
21572.537625000004
21572.537625000004
21572.537625000004
22214.419925000006
22214.419925000006
22214.419925000006
22214.419925000006
22293.95997500001
22293.95997500001
22293.95997500001
22293.95997500001
21626.249750000006
21626.249750000006
21626.249750000006
21626.249750000006
20927.76710000001
20927.76710000001
20927.76710000001
20927.76710000001
20243.689950000007
20243.689950000007
20243.689950000007
20243.689950000007
20360.380350000003
20360.380350000003
20360.380350000003
20360.380350000003
19682.3574
19682.3574
19682.3574
19682.3574
20382.207025000007
20382.207025000007
20382.207025000007
20382.207025000007
20311.31492500001
20311.31492500001
20311.31492500001
20311.31492500001
20745.59492500001
20745.59492500001
20745.59492500001
20745.59492500001
20980.195300000007
20980.195300000007
20980.195300000007
20980.195300000007
21257.499975000006
21257.499975000006
21257.499975000006
21257.499975000006
21196.374525000007
21196.374525000007
21196.374525000007
21196.374525000007
21188.532725000005
21188.532725000005
21188.532725000005
21188.532725000005
20964.13050000001
20964.13050000001
20964.13050000001
20964.13050000001
21605.56980000001
21605.56980000001
21605.56980000001
21605.56980000001
22200.82505000001
22200.82505000001
22200.82505000001
22200.82505000001
21850.424825000006
21850.424825000006
21850.424825000006
21850.424825000006
21475.765150000007
21475.765150000007
21475.765150000007
21475.765150000007
21030.937500000004
21030.937500000004
21030.937500000004
21030.937500000004
20575.81982500001
20575.81982500001
20575.81982500001
20575.81982500001
20085.182125000007
20085.182125000007
20085.182125000007
20085.182125000007
20067.707525
20067.707525
20067.707525
20067.707525
19508.537600000007
19508.537600000007
19508.537600000007
19508.537600000007
19428.787425000006
19428.787425000006
19428.787425000006
19428.787425000006
19710.065425000004
19710.065425000004
19710.065425000004
19710.065425000004
19419.304675000007
19419.304675000007
19419.304675000007
19419.304675000007
20074.632800000003
20074.632800000003
20074.632800000003
20074.632800000003
20587.688000000006
20587.688000000006
20587.688000000006
20587.688000000006
20714.722175000006
20714.722175000006
20714.722175000006
20714.722175000006
19908.042950000006
19908.042950000006
19908.042950000006
19908.042950000006
20199.524900000008
20199.524900000008
20199.524900000008
20199.524900000008
20507.807150000008
20507.807150000008
20507.807150000008
20507.807150000008
20237.172850000006
20237.172850000006
20237.172850000006
20237.172850000006
20929.89260000001
20929.89260000001
20929.89260000001
20929.89260000001
21232.810050000004
21232.810050000004
21232.810050000004
21232.810050000004
21590.234875000002
21590.234875000002
21590.234875000002
21590.234875000002
21360.272450000008
21360.272450000008
21360.272450000008
21360.272450000008
21056.459950000004
21056.459950000004
21056.459950000004
21056.459950000004
20813.972650000007
20813.972650000007
20813.972650000007
20813.972650000007
20625.625000000004
20625.625000000004
20625.625000000004
20625.625000000004
20877.410150000007
20877.410150000007
20877.410150000007
20877.410150000007
21278.412600000007
21278.412600000007
21278.412600000007
21278.412600000007
21667.947525000007
21667.947525000007
21667.947525000007
21667.947525000007
21964.734875000006
21964.734875000006
21964.734875000006
21964.734875000006
22242.14795000001
22242.14795000001
22242.14795000001
22242.14795000001
22591.920025000007
22591.920025000007
22591.920025000007
22591.920025000007
23047.055000000004
23047.055000000004
23047.055000000004
23047.055000000004
23610.37250000001
23610.37250000001
23610.37250000001
23610.37250000001
23589.810000000005
23589.810000000005
23589.810000000005
23589.810000000005
23528.260000000006
23528.260000000006
23528.260000000006
23528.260000000006
23488.6875
23488.6875
23488.6875
23488.6875
24744.765000000007
24744.765000000007
24744.765000000007
24744.765000000007
24511.99750000001
24511.99750000001
24511.99750000001
24511.99750000001
23626.295000000006
23626.295000000006
23626.295000000006
23626.295000000006
23251.842500000006
23251.842500000006
23251.842500000006
23251.842500000006
22980.887500000008
22980.887500000008
22980.887500000008
22980.887500000008
23448.777500000004
23448.777500000004
23448.777500000004
23448.777500000004
23255.38000000001
23255.38000000001
23255.38000000001
23255.38000000001
23108.35000000001
23108.35000000001
23108.35000000001
23108.35000000001
22899.830000000005
22899.830000000005
22899.830000000005
22899.830000000005
22799.717825000007
22799.717825000007
22799.717825000007
22799.717825000007
23335.742500000008
23335.742500000008
23335.742500000008
23335.742500000008
23731.870000000006
23731.870000000006
23731.870000000006
23731.870000000006
24212.355000000007
24212.355000000007
24212.355000000007
24212.355000000007
24158.050000000007
24158.050000000007
24158.050000000007
24158.050000000007
23858.995000000003
23858.995000000003
23858.995000000003
23858.995000000003
23557.552500000005
23557.552500000005
23557.552500000005
23557.552500000005
23509.542500000007
23509.542500000007
23509.542500000007
23509.542500000007
22931.315000000006
22931.315000000006
22931.315000000006
22931.315000000006
23296.69500000001
23296.69500000001
23296.69500000001
23296.69500000001
22866.83500000001
22866.83500000001
22866.83500000001
22866.83500000001
23235.497500000005
23235.497500000005
23235.497500000005
23235.497500000005
23585.300000000007
23585.300000000007
23585.300000000007
23585.300000000007
23142.465000000007
23142.465000000007
23142.465000000007
23142.465000000007
22439.807500000006
22439.807500000006
22439.807500000006
22439.807500000006
23013.220000000005
23013.220000000005
23013.220000000005
23013.220000000005
23368.170000000002
23368.170000000002
23368.170000000002
23368.170000000002
24181.025
24181.025
24181.025
24181.025
24117.617500000008
24117.617500000008
24117.617500000008
24117.617500000008
23857.142500000005
23857.142500000005
23857.142500000005
23857.142500000005
24087.870000000003
24087.870000000003
24087.870000000003
24087.870000000003
23594.985000000004
23594.985000000004
23594.985000000004
23594.985000000004
23224.05750000001
23224.05750000001
23224.05750000001
23224.05750000001
23009.720000000005
23009.720000000005
23009.720000000005
23009.720000000005
22994.240000000005
22994.240000000005
22994.240000000005
22994.240000000005
22866.035000000007
22866.035000000007
22866.035000000007
22866.035000000007
23421.46750000001
23421.46750000001
23421.46750000001
23421.46750000001
22697.395000000008
22697.395000000008
22697.395000000008
22697.395000000008
22263.050000000007
22263.050000000007
22263.050000000007
22263.050000000007
21892.12250000001
21892.12250000001
21892.12250000001
21892.12250000001
21919.46000000001
21919.46000000001
21919.46000000001
21919.46000000001
22524.635000000006
22524.635000000006
22524.635000000006
22524.635000000006
22634.4275
22634.4275
22634.4275
22634.4275
21924.09250000001
21924.09250000001
21924.09250000001
21924.09250000001
21916.112500000007
21916.112500000007
21916.112500000007
21916.112500000007
22323.42750000001
22323.42750000001
22323.42750000001
22323.42750000001
22515.882500000007
22515.882500000007
22515.882500000007
22515.882500000007
22017.795000000002
22017.795000000002
20674.205
20674.205
19619.682500000006
19619.682500000006
19619.682500000006
19619.682500000006
20245.277500000007
20245.277500000007
20245.277500000007
20245.277500000007
19570.925000000007
19570.925000000007
19570.925000000007
19570.925000000007
19891.21000000001
19891.21000000001
19891.21000000001
19891.21000000001
20358.745000000006
20358.745000000006
20358.745000000006
20358.745000000006
19843.05250000001
19843.05250000001
19843.05250000001
19843.05250000001
19303.307500000006
19303.307500000006
19303.307500000006
19303.307500000006
18861.125000000007
18861.125000000007
18861.125000000007
18861.125000000007
17750.417500000003
17750.417500000003
17750.417500000003
17750.417500000003
17208.00500000001
17208.00500000001
17208.00500000001
17208.00500000001
17956.6025
17956.6025
17956.6025
17956.6025
18615.285000000007
18615.285000000007
18615.285000000007
18615.285000000007
18269.202500000007
18269.202500000007
18269.202500000007
18269.202500000007
19203.82
19203.82
19203.82
19203.82
19499.867500000004
19499.867500000004
19499.867500000004
19499.867500000004
19933.217500000002
19933.217500000002
19933.217500000002
19933.217500000002
19285.157500000005
19285.157500000005
19285.157500000005
19285.157500000005
18736.007500000007
18736.007500000007
18736.007500000007
18736.007500000007
17874.132500000007
17874.132500000007
17874.132500000007
17874.132500000007
18367.640000000007
18367.640000000007
18367.640000000007
18367.640000000007
19055.230000000007
19055.230000000007
19055.230000000007
19055.230000000007
18753.565000000006
18753.565000000006
18753.565000000006
18753.565000000006
18125.755000000005
18125.755000000005
18125.755000000005
18125.755000000005
18363.485000000004
18363.485000000004
18363.485000000004
18363.485000000004
18552.697500000002
18552.697500000002
18552.697500000002
18552.697500000002
18774.300000000003
18774.300000000003
18774.300000000003
18774.300000000003
19091.247500000005
19091.247500000005
19091.247500000005
19091.247500000005
19440.720000000005
19440.720000000005
19440.720000000005
19440.720000000005
20394.16250000001
20394.16250000001
20394.16250000001
20394.16250000001
20510.207500000008
20510.207500000008
20510.207500000008
20510.207500000008
20893.445000000007
20893.445000000007
20893.445000000007
20893.445000000007
20885.967500000006
20885.967500000006
20885.967500000006
20885.967500000006
21491.187500000004
21491.187500000004
21491.187500000004
21491.187500000004
21379.045000000006
21379.045000000006
21379.045000000006
21379.045000000006
21535.895000000008
21535.895000000008
21535.895000000008
21535.895000000008
20984.17000000001
20984.17000000001
20984.17000000001
20984.17000000001
21212.035000000003
21212.035000000003
21212.035000000003
21212.035000000003
21327.590000000007
21327.590000000007
21327.590000000007
21327.590000000007
20811.79500000001
20811.79500000001
20811.79500000001
20811.79500000001
20745.54500000001
20745.54500000001
20745.54500000001
20745.54500000001
20558.45500000001
20558.45500000001
20558.45500000001
20558.45500000001
20357.31750000001
20357.31750000001
20357.31750000001
20357.31750000001
20794.745000000006
20794.745000000006
20794.745000000006
20794.745000000006
20770.462500000005
20770.462500000005
20770.462500000005
20770.462500000005
21065.192500000005
21065.192500000005
21065.192500000005
21065.192500000005
20693.632500000007
20693.632500000007
20693.632500000007
20693.632500000007
20034.325000000008
20034.325000000008
20034.325000000008
20034.325000000008
19178.44250000001
19178.44250000001
19178.44250000001
19178.44250000001
18848.302500000005
18848.302500000005
18848.302500000005
18848.302500000005
18693.92750000001
18693.92750000001
18693.92750000001
18693.92750000001
18367.855000000007
18367.855000000007
18367.855000000007
18367.855000000007
18830.5525
18830.5525
18830.5525
18830.5525
19088.095000000005
19088.095000000005
19088.095000000005
19088.095000000005
19369.175000000007
19369.175000000007
19369.175000000007
19369.175000000007
19041.352500000005
19041.352500000005
19041.352500000005
19041.352500000005
19588.31000000001
19588.31000000001
19588.31000000001
19588.31000000001
19539.167500000007
19539.167500000007
19539.167500000007
19539.167500000007
19172.540000000005
19172.540000000005
19172.540000000005
19172.540000000005
19429.707500000008
19429.707500000008
19429.707500000008
19429.707500000008
18968.925000000007
18968.925000000007
18968.925000000007
18968.925000000007
19649.387500000008
19649.387500000008
19649.387500000008
19649.387500000008
19957.260000000006
19957.260000000006
19957.260000000006
19957.260000000006
20198.452500000007
20198.452500000007
20198.452500000007
20198.452500000007
20103.652500000004
20103.652500000004
20103.652500000004
20103.652500000004
19993.57000000001
19993.57000000001
19993.57000000001
19993.57000000001
19794.412500000006
19794.412500000006
19794.412500000006
19794.412500000006
19450.665000000005
19450.665000000005
19450.665000000005
19450.665000000005
19568.410000000007
19568.410000000007
19568.410000000007
19568.410000000007
20323.995000000006
20323.995000000006
20323.995000000006
20323.995000000006
20686.42000000001
20686.42000000001
20686.42000000001
20686.42000000001
20569.695000000007
20569.695000000007
20569.695000000007
20569.695000000007
20907.81750000001
20907.81750000001
20907.81750000001
20907.81750000001
20876.117500000004
20876.117500000004
20876.117500000004
20876.117500000004
21216.915
21216.915
21216.915
21216.915
21514.55250000001
21514.55250000001
21514.55250000001
21514.55250000001
21666.915000000005
21666.915000000005
21666.915000000005
21666.915000000005
21805.980000000007
21805.980000000007
21805.980000000007
21805.980000000007
21799.95500000001
21799.95500000001
21799.95500000001
21799.95500000001
21295.087500000005
21295.087500000005
21295.087500000005
21295.087500000005
21314.830000000005
21314.830000000005
21314.830000000005
21314.830000000005
21820.345000000005
21820.345000000005
21820.345000000005
21820.345000000005
21901.450000000008
21901.450000000008
21901.450000000008
21901.450000000008
22063.925000000007
22063.925000000007
22063.925000000007
22063.925000000007
22396.860000000008
22396.860000000008
22396.860000000008
22396.860000000008
22541.897500000006
22541.897500000006
22541.897500000006
22541.897500000006
22592.062500000007
22592.062500000007
22592.062500000007
22592.062500000007
22885.390000000003
22885.390000000003
22885.390000000003
22885.390000000003
23283.575000000004
23283.575000000004
23283.575000000004
23283.575000000004
23358.542500000003
23358.542500000003
23358.542500000003
23358.542500000003
23484.327500000003
23484.327500000003
23484.327500000003
23484.327500000003
23633.867500000008
23633.867500000008
23633.867500000008
23633.867500000008
23711.890000000014
23711.890000000014
23711.890000000014
23711.890000000014
23582.39000000001
23582.39000000001
23582.39000000001
23582.39000000001
23284.15750000001
23284.15750000001
23284.15750000001
23284.15750000001
23295.70500000001
23295.70500000001
23295.70500000001
23295.70500000001
22747.395000000008
22747.395000000008
22747.395000000008
22747.395000000008
22817.905000000002
22817.905000000002
22817.905000000002
22817.905000000002
22862.645000000008
22862.645000000008
22862.645000000008
22862.645000000008
22806.072500000006
22806.072500000006
22806.072500000006
22806.072500000006
22149.81750000001
22149.81750000001
22149.81750000001
22149.81750000001
22276.825000000008
22276.825000000008
22276.825000000008
22276.825000000008
22338.082500000008
22338.082500000008
22338.082500000008
22338.082500000008
21923.970000000005
21923.970000000005
21923.970000000005
21923.970000000005
21887.592500000006
21887.592500000006
21887.592500000006
21887.592500000006
21770.52500000001
21770.52500000001
21770.52500000001
21770.52500000001
22373.320000000007
22373.320000000007
22373.320000000007
22373.320000000007
22810.385000000006
22810.385000000006
22810.385000000006
22810.385000000006
23176.877500000006
23176.877500000006
23176.877500000006
23176.877500000006
23138.56750000001
23138.56750000001
23138.56750000001
23138.56750000001
23295.550000000007
23295.550000000007
23295.550000000007
23295.550000000007
22697.010000000006
22697.010000000006
22697.010000000006
22697.010000000006
22441.810000000005
22441.810000000005
22441.810000000005
22441.810000000005
21852.815000000006
21852.815000000006
21852.815000000006
21852.815000000006
21175.562500000004
21175.562500000004
21175.562500000004
21175.562500000004
20732.445000000003
20732.445000000003
20732.445000000003
20732.445000000003
20086.662500000002
20086.662500000002
20086.662500000002
20086.662500000002
20626.172500000004
20626.172500000004
20626.172500000004
20626.172500000004
20697.800000000007
20697.800000000007
20697.800000000007
20697.800000000007
21327.867500000004
21327.867500000004
21327.867500000004
21327.867500000004
21436.557500000006
21436.557500000006
21436.557500000006
21436.557500000006
21798.645000000008
21798.645000000008
21798.645000000008
21798.645000000008
21920.202500000007
21920.202500000007
21920.202500000007
21920.202500000007
22074.000000000004
22074.000000000004
22074.000000000004
22074.000000000004
21905.712500000005
21905.712500000005
21905.712500000005
21905.712500000005
22462.010000000006
22462.010000000006
22462.010000000006
22462.010000000006
21863.172500000008
21863.172500000008
21863.172500000008
21863.172500000008
21680.82000000001
21680.82000000001
21680.82000000001
21680.82000000001
22245.652500000007
22245.652500000007
22245.652500000007
22245.652500000007
22853.672500000008
22853.672500000008
22853.672500000008
22853.672500000008
23082.720000000005
23082.720000000005
23082.720000000005
23082.720000000005
23375.760000000006
23375.760000000006
23375.760000000006
23375.760000000006
23132.81000000001
23132.81000000001
23132.81000000001
23132.81000000001
23092.220000000005
23092.220000000005
23092.220000000005
23092.220000000005
23096.557500000006
23096.557500000006
23096.557500000006
23096.557500000006
23340.96500000001
23340.96500000001
23340.96500000001
23340.96500000001
23308.582500000008
23308.582500000008
23308.582500000008
23308.582500000008
22830.35000000001
22830.35000000001
22830.35000000001
22830.35000000001
23244.717500000002
23244.717500000002
23244.717500000002
23244.717500000002
22890.207500000008
22890.207500000008
22890.207500000008
22890.207500000008
22785.147500000006
22785.147500000006
22785.147500000006
22785.147500000006
23666.995000000006
23666.995000000006
23666.995000000006
23666.995000000006
23727.892500000005
23727.892500000005
23727.892500000005
23727.892500000005
23905.31000000001
23905.31000000001
23905.31000000001
23905.31000000001
23736.00000000001
23736.00000000001
23736.00000000001
23736.00000000001
23457.892500000005
23457.892500000005
23457.892500000005
23457.892500000005
23225.162500000006
23225.162500000006
23225.162500000006
23225.162500000006
23008.820000000007
23008.820000000007
23008.820000000007
23008.820000000007
23308.180000000008
23308.180000000008
23308.180000000008
23308.180000000008
22795.53000000001
22795.53000000001
22795.53000000001
22795.53000000001
22851.417500000007
22851.417500000007
22851.417500000007
22851.417500000007
23018.147500000006
23018.147500000006
23018.147500000006
23018.147500000006
22644.580000000005
22644.580000000005
22644.580000000005
22644.580000000005
21878.292500000007
21878.292500000007
21878.292500000007
21878.292500000007
21507.657500000005
21507.657500000005
21507.657500000005
21507.657500000005
22090.4775
22090.4775
22090.4775
22090.4775
22548.777500000007
22548.777500000007
22548.777500000007
22548.777500000007
22497.505000000005
22497.505000000005
22497.505000000005
22497.505000000005
22645.465000000004
22645.465000000004
22645.465000000004
22645.465000000004
22624.03750000001
22624.03750000001
22624.03750000001
22624.03750000001
21946.662500000006
21946.662500000006
21946.662500000006
21946.662500000006
21495.300000000007
21495.300000000007
21495.300000000007
21495.300000000007
21640.010000000006
21640.010000000006
21640.010000000006
21640.010000000006
22090.987500000007
22090.987500000007
22090.987500000007
22090.987500000007
22539.29500000001
22539.29500000001
22539.29500000001
22539.29500000001
22804.040000000005
22804.040000000005
22804.040000000005
22804.040000000005
22877.792500000007
22877.792500000007
22877.792500000007
22877.792500000007
22656.472500000007
22656.472500000007
22656.472500000007
22656.472500000007
22238.790000000008
22238.790000000008
22238.790000000008
22238.790000000008
21931.227500000005
21931.227500000005
21931.227500000005
21931.227500000005
22392.227500000005
22392.227500000005
22392.227500000005
22392.227500000005
22717.590000000007
22717.590000000007
22717.590000000007
22717.590000000007
22990.32750000001
22990.32750000001
22990.32750000001
22990.32750000001
23132.357500000006
23132.357500000006
23132.357500000006
23132.357500000006
23186.272500000003
23186.272500000003
23186.272500000003
23186.272500000003
23178.757500000007
23178.757500000007
23178.757500000007
23178.757500000007
23232.452500000007
23232.452500000007
23232.452500000007
23232.452500000007
23053.855000000007
23053.855000000007
23053.855000000007
23053.855000000007
23184.010000000006
23184.010000000006
23184.010000000006
23184.010000000006
23574.90750000001
23574.90750000001
23574.90750000001
23574.90750000001
23288.837500000005
23288.837500000005
23288.837500000005
23288.837500000005
23468.270000000004
23468.270000000004
23468.270000000004
23468.270000000004
23718.042500000003
23718.042500000003
23718.042500000003
23718.042500000003
24431.92000000001
24431.92000000001
24431.92000000001
24431.92000000001
24667.300000000003
24667.300000000003
24667.300000000003
24667.300000000003
24474.522500000006
24474.522500000006
24474.522500000006
24474.522500000006
24814.67750000001
24814.67750000001
24814.67750000001
24814.67750000001
25072.11
25072.11
25072.11
25072.11
25111.48250000001
25111.48250000001
25111.48250000001
25111.48250000001
24801.875000000007
24801.875000000007
24801.875000000007
24801.875000000007
25176.032500000005
25176.032500000005
25176.032500000005
25176.032500000005
24675.422500000008
24675.422500000008
24675.422500000008
24675.422500000008
24332.097500000007
24332.097500000007
24332.097500000007
24332.097500000007
23948.032500000012
23948.032500000012
23948.032500000012
23948.032500000012
23202.480000000007
23202.480000000007
23202.480000000007
23202.480000000007
23240.280000000006
23240.280000000006
23240.280000000006
23240.280000000006
23058.805000000004
23058.805000000004
23058.805000000004
23058.805000000004
23032.687500000004
23032.687500000004
23032.687500000004
23032.687500000004
23295.932500000003
23295.932500000003
23295.932500000003
23295.932500000003
23662.302500000005
23662.302500000005
23662.302500000005
23662.302500000005
23891.94250000001
23891.94250000001
23891.94250000001
23891.94250000001
23843.805000000008
23843.805000000008
23843.805000000008
23843.805000000008
24021.162500000006
24021.162500000006
24021.162500000006
24021.162500000006
23526.027500000007
23526.027500000007
23526.027500000007
23526.027500000007
23956.62250000001
23956.62250000001
23956.62250000001
23956.62250000001
23597.242500000004
23597.242500000004
23597.242500000004
23597.242500000004
23843.505
23843.505
23843.505
23843.505
23113.410000000007
23113.410000000007
23113.410000000007
23113.410000000007
22999.585000000006
22999.585000000006
22999.585000000006
22999.585000000006
23565.352500000005
23565.352500000005
23565.352500000005
23565.352500000005
23594.690000000002
23594.690000000002
23594.690000000002
23594.690000000002
23871.335000000003
23871.335000000003
23871.335000000003
23871.335000000003
24137.690000000006
24137.690000000006
24137.690000000006
24137.690000000006
24071.530000000002
24071.530000000002
24071.530000000002
24071.530000000002
24877.402500000004
24877.402500000004
24877.402500000004
24877.402500000004
24576.582500000008
24576.582500000008
24576.582500000008
24576.582500000008
24792.94250000001
24792.94250000001
24792.94250000001
24792.94250000001
24475.227500000008
24475.227500000008
24475.227500000008
24475.227500000008
24780.91500000001
24780.91500000001
24780.91500000001
24780.91500000001
24804.972500000003
24804.972500000003
24804.972500000003
24804.972500000003
24728.305
24728.305
24728.305
24728.305
24044.010000000006
24044.010000000006
24044.010000000006
24044.010000000006
23849.00250000001
23849.00250000001
23849.00250000001
23849.00250000001
24305.015000000003
24305.015000000003
24305.015000000003
24305.015000000003
24469.790000000005
24469.790000000005
24469.790000000005
24469.790000000005
25002.547500000008
25002.547500000008
25002.547500000008
25002.547500000008
26310.76000000001
26310.76000000001
27374.00500000001
27374.00500000001
27686.760000000013
27686.760000000013
27686.760000000013
27686.760000000013
27777.16000000001
27777.16000000001
27777.16000000001
27777.16000000001
28281.21250000001
28281.21250000001
28281.21250000001
28281.21250000001
28128.555
28128.555
28128.555
28128.555
27656.59000000001
27656.59000000001
27656.59000000001
27656.59000000001
27530.36
27530.36
27530.36
27530.36
27644.875000000004
27644.875000000004
27644.875000000004
27644.875000000004
28059.377500000006
28059.377500000006
28059.377500000006
28059.377500000006
27552.05250000001
27552.05250000001
27552.05250000001
27552.05250000001
27258.492500000008
27258.492500000008
27258.492500000008
27258.492500000008
26980.900000000005
26980.900000000005
26980.900000000005
26980.900000000005
26799.445000000007
26799.445000000007
26799.445000000007
26799.445000000007
27217.27500000001
27217.27500000001
27217.27500000001
27217.27500000001
26328.35750000001
26328.35750000001
26328.35750000001
26328.35750000001
25737.87500000001
25737.87500000001
23923.4
23923.4
24920.265000000007
24920.265000000007
24920.265000000007
24920.265000000007
25297.97750000001
25297.97750000001
25297.97750000001
25297.97750000001
25224.26750000001
25224.26750000001
25224.26750000001
25224.26750000001
24593.422500000008
24593.422500000008
24593.422500000008
24593.422500000008
24472.897500000003
24472.897500000003
24472.897500000003
24472.897500000003
24431.277500000004
24431.277500000004
24431.277500000004
24431.277500000004
23973.24000000001
23973.24000000001
23973.24000000001
23973.24000000001
23264.445000000007
23264.445000000007
21974.610000000008
21974.610000000008
21684.200000000008
21684.200000000008
21684.200000000008
21684.200000000008
21436.537500000006
21436.537500000006
21436.537500000006
21436.537500000006
20660.070000000003
20660.070000000003
21650.275000000005
21650.275000000005
21661.970000000005
21661.970000000005
21661.970000000005
21661.970000000005
21847.175000000007
21847.175000000007
21847.175000000007
21847.175000000007
21120.995000000006
21120.995000000006
21120.995000000006
21120.995000000006
20984.43500000001
20984.43500000001
22050.035000000003
22050.035000000003
22425.922500000004
22425.922500000004
22425.922500000004
22425.922500000004
22719.35750000001
22719.35750000001
22719.35750000001
22719.35750000001
23023.292500000007
23023.292500000007
23023.292500000007
23023.292500000007
23150.49750000001
23150.49750000001
23150.49750000001
23150.49750000001
22657.182500000006
22657.182500000006
22657.182500000006
22657.182500000006
22804.627500000006
22804.627500000006
22804.627500000006
22804.627500000006
22331.030000000006
22331.030000000006
22331.030000000006
22331.030000000006
22395.320000000003
22395.320000000003
22395.320000000003
22395.320000000003
22659.06750000001
22659.06750000001
22659.06750000001
22659.06750000001
22299.847500000007
22299.847500000007
22299.847500000007
22299.847500000007
22216.00500000001
22216.00500000001
22216.00500000001
22216.00500000001
21567.612500000007
21567.612500000007
21567.612500000007
21567.612500000007
21567.730000000007
21567.730000000007
21567.730000000007
21567.730000000007
21891.322500000002
21891.322500000002
21891.322500000002
21891.322500000002
22015.46000000001
22015.46000000001
22015.46000000001
22015.46000000001
21254.135000000006
21254.135000000006
21254.135000000006
21254.135000000006
20137.047500000004
20137.047500000004
20137.047500000004
20137.047500000004
19482.832500000008
19482.832500000008
19482.832500000008
19482.832500000008
19188.387500000008
19188.387500000008
19188.387500000008
19188.387500000008
19128.222500000007
19128.222500000007
19128.222500000007
19128.222500000007
19336.767500000005
19336.767500000005
19336.767500000005
19336.767500000005
18680.49000000001
18680.49000000001
18680.49000000001
18680.49000000001
19214.890000000007
19214.890000000007
19214.890000000007
19214.890000000007
19344.752500000002
19344.752500000002
19344.752500000002
19344.752500000002
19398.57
19398.57
19398.57
19398.57
20143.075000000008
20143.075000000008
20143.075000000008
20143.075000000008
20056.605000000003
20056.605000000003
20056.605000000003
20056.605000000003
20454.325000000008
20454.325000000008
20454.325000000008
20454.325000000008
20645.852500000005
20645.852500000005
20645.852500000005
20645.852500000005
20632.350000000006
20632.350000000006
20632.350000000006
20632.350000000006
20192.820000000003
20192.820000000003
20192.820000000003
20192.820000000003
20723.127500000006
20723.127500000006
20723.127500000006
20723.127500000006
21348.820000000007
21348.820000000007
21348.820000000007
21348.820000000007
21410.78250000001
21410.78250000001
21410.78250000001
21410.78250000001
21284.565000000006
21284.565000000006
21284.565000000006
21284.565000000006
20389.42750000001
20389.42750000001
20389.42750000001
20389.42750000001
20063.545000000006
20063.545000000006
20063.545000000006
20063.545000000006
19822.765000000007
19822.765000000007
19822.765000000007
19822.765000000007
19851.155000000006
19851.155000000006
19851.155000000006
19851.155000000006
20484.870000000006
20484.870000000006
20484.870000000006
20484.870000000006
20855.887500000008
20855.887500000008
20855.887500000008
20855.887500000008
21100.205000000005
21100.205000000005
21100.205000000005
21100.205000000005
20291.725000000002
20291.725000000002
20291.725000000002
20291.725000000002
20590.987500000007
20590.987500000007
20590.987500000007
20590.987500000007
20145.49750000001
20145.49750000001
20145.49750000001
20145.49750000001
20774.810000000005
20774.810000000005
20774.810000000005
20774.810000000005
20806.905000000006
20806.905000000006
20806.905000000006
20806.905000000006
21475.035000000007
21475.035000000007
21475.035000000007
21475.035000000007
21816.43500000001
21816.43500000001
21816.43500000001
21816.43500000001
22072.522500000006
22072.522500000006
22072.522500000006
22072.522500000006
21925.070000000007
21925.070000000007
21925.070000000007
21925.070000000007
22315.10750000001
22315.10750000001
22315.10750000001
22315.10750000001
22743.627500000006
22743.627500000006
22743.627500000006
22743.627500000006
23034.367500000004
23034.367500000004
23034.367500000004
23034.367500000004
22894.922500000004
22894.922500000004
22894.922500000004
22894.922500000004
22947.38000000001
22947.38000000001
22947.38000000001
22947.38000000001
23550.45750000001
23550.45750000001
23550.45750000001
23550.45750000001
23697.322500000006
23697.322500000006
23697.322500000006
23697.322500000006
23360.852500000008
23360.852500000008
23360.852500000008
23360.852500000008
23708.617500000008
23708.617500000008
23708.617500000008
23708.617500000008
23518.91250000001
23518.91250000001
23518.91250000001
23518.91250000001
