21719.135725000004
21719.135725000004
21719.135725000004
21719.135725000004
22140.125025000005
22140.125025000005
22140.125025000005
22140.125025000005
21720.472200000007
21720.472200000007
21720.472200000007
21720.472200000007
22959.96532500001
22959.96532500001
22959.96532500001
22959.96532500001
22680.549325000007
22680.549325000007
22680.549325000007
22680.549325000007
22674.667475000006
22674.667475000006
22674.667475000006
22674.667475000006
22299.982450000007
22299.982450000007
22299.982450000007
22299.982450000007
21427.385250000007
21427.385250000007
21427.385250000007
21427.385250000007
20936.149925000005
20936.149925000005
20936.149925000005
20936.149925000005
21414.882800000007
21414.882800000007
21414.882800000007
21414.882800000007
20920.972675000005
20920.972675000005
20920.972675000005
20920.972675000005
20413.745125000005
20413.745125000005
20413.745125000005
20413.745125000005
19690.185550000002
19690.185550000002
18618.844750000004
18618.844750000004
17849.970700000005
19327.730500000005
19585.889650000005
19585.889650000005
19053.909675000006
19053.909675000006
19053.909675000006
19053.909675000006
17870.842275000006
17870.842275000006
17870.842275000006
17870.842275000006
15924.922350000006
15924.922350000006
15191.987300000006
16657.857400000008
16875.070300000007
16875.070300000007
15265.294900000004
15265.294900000004
15465.049800000006
15465.049800000006
15161.690400000003
14032.250000000004
13029.79735
13029.79735
13029.79735
13029.79735
14470.337400000002
14470.337400000002
14470.337400000002
14470.337400000002
15318.477550000003
14082.407250000004
14700.442400000004
14700.442400000004
14554.94485
14554.94485
13561.320350000005
13561.320350000005
13550.845200000003
13550.845200000003
12738.944850000002
12738.944850000002
13054.015150000001
13054.015150000001
13054.015150000001
13054.015150000001
13898.640150000005
13898.640150000005
13898.640150000005
13898.640150000005
14145.482400000003
14145.482400000003
13560.617150000002
14730.347650000003
15489.604975000004
15489.604975000004
15489.604975000004
15489.604975000004
15427.465100000003
15427.465100000003
15427.465100000003
15427.465100000003
15335.855000000001
15335.855000000001
14396.225100000003
14396.225100000003
14603.852300000004
14603.852300000004
14603.852300000004
14603.852300000004
15433.569850000005
15433.569850000005
15433.569850000005
15433.569850000005
14280.954850000004
14280.954850000004
14280.954850000004
14280.954850000004
13351.010000000004
13351.010000000004
13351.010000000004
13351.010000000004
12988.165025000004
12988.165025000004
12988.165025000004
12988.165025000004
13201.082500000002
13201.082500000002
13201.082500000002
13201.082500000002
13748.667475000004
13748.667475000004
13748.667475000004
13748.667475000004
13553.705075000003
13553.705075000003
13553.705075000003
13553.705075000003
13024.824950000006
13024.824950000006
13024.824950000006
13024.824950000006
13060.560075000003
13060.560075000003
13060.560075000003
13060.560075000003
12670.159900000002
12670.159900000002
12670.159900000002
12670.159900000002
12077.372525000004
12077.372525000004
12077.372525000004
12077.372525000004
12442.892325000003
12442.892325000003
12442.892325000003
12442.892325000003
13189.145025000002
13189.145025000002
13189.145025000002
13189.145025000002
13857.242425000004
13857.242425000004
13857.242425000004
13857.242425000004
13908.952650000005
13908.952650000005
13908.952650000005
13908.952650000005
14829.994875000008
14829.994875000008
14829.994875000008
14829.994875000008
15242.324950000006
15242.324950000006
15242.324950000006
15242.324950000006
15786.064950000002
15786.064950000002
15786.064950000002
15786.064950000002
15286.662850000004
15286.662850000004
15286.662850000004
15286.662850000004
15031.145050000006
15031.145050000006
15987.204550000008
15987.204550000008
17052.667475000002
17052.667475000002
17052.667475000002
17052.667475000002
17231.942875000004
17231.942875000004
17231.942875000004
17231.942875000004
17303.957475000003
17303.957475000003
17303.957475000003
17303.957475000003
17315.707525000005
17315.707525000005
17315.707525000005
17315.707525000005
18105.904300000002
18105.904300000002
18906.205100000003
18906.205100000003
18712.105450000006
18712.105450000006
18712.105450000006
18712.105450000006
18827.642575000005
18827.642575000005
18827.642575000005
18827.642575000005
18378.147950000002
18378.147950000002
18378.147950000002
18378.147950000002
18002.242175000003
18002.242175000003
18002.242175000003
18002.242175000003
18649.904800000004
18649.904800000004
18649.904800000004
18649.904800000004
18358.362775000005
18358.362775000005
18358.362775000005
18358.362775000005
17779.9824
17779.9824
17779.9824
17779.9824
18435.45460000001
18435.45460000001
18435.45460000001
18435.45460000001
19643.552250000004
19643.552250000004
19643.552250000004
19643.552250000004
20414.177275000005
20414.177275000005
20414.177275000005
20414.177275000005
20771.452175000006
20771.452175000006
20771.452175000006
20771.452175000006
20917.692925000007
20917.692925000007
20917.692925000007
20917.692925000007
20948.750000000007
20948.750000000007
20948.750000000007
20948.750000000007
20424.779800000008
20424.779800000008
20424.779800000008
20424.779800000008
20535.557600000007
20535.557600000007
20535.557600000007
20535.557600000007
20140.60060000001
20140.60060000001
20140.60060000001
20140.60060000001
19717.0498
19717.0498
20540.59475
20540.59475
21211.86522500001
21211.86522500001
21211.86522500001
21211.86522500001
21356.785000000007
21356.785000000007
21356.785000000007
21356.785000000007
21735.805650000006
21735.805650000006
21735.805650000006
21735.805650000006
21095.430200000006
21095.430200000006
21095.430200000006
21095.430200000006
20718.872550000004
20718.872550000004
20718.872550000004
20718.872550000004
21515.957525000005
21515.957525000005
21515.957525000005
21515.957525000005
21991.482425000006
21991.482425000006
21991.482425000006
21991.482425000006
22343.932600000007
22343.932600000007
22343.932600000007
22343.932600000007
22098.165050000007
22098.165050000007
22098.165050000007
22098.165050000007
21742.76512500001
21742.76512500001
21742.76512500001
21742.76512500001
22062.967275000006
22062.967275000006
22062.967275000006
22062.967275000006
22733.849625000006
22733.849625000006
22733.849625000006
22733.849625000006
22894.832500000008
22894.832500000008
22894.832500000008
22894.832500000008
22706.800375000006
22706.800375000006
22706.800375000006
22706.800375000006
22044.830100000006
22044.830100000006
22044.830100000006
22044.830100000006
22476.337375000006
22476.337375000006
22476.337375000006
22476.337375000006
22096.45017500001
22096.45017500001
22096.45017500001
22096.45017500001
21721.787150000004
21721.787150000004
21721.787150000004
21721.787150000004
21334.832275000008
21334.832275000008
21334.832275000008
21334.832275000008
21713.857825000003
21713.857825000003
21713.857825000003
21713.857825000003
22346.171900000005
22346.171900000005
22346.171900000005
22346.171900000005
22400.82470000001
22400.82470000001
22400.82470000001
22400.82470000001
21776.28720000001
21776.28720000001
21776.28720000001
21776.28720000001
21048.127425000006
21048.127425000006
21048.127425000006
21048.127425000006
20416.544925000006
20416.544925000006
20416.544925000006
20416.544925000006
20530.725075000006
20530.725075000006
20530.725075000006
20530.725075000006
19829.14210000001
19829.14210000001
19829.14210000001
19829.14210000001
20498.23487500001
20498.23487500001
20498.23487500001
20498.23487500001
20496.042450000004
20496.042450000004
20496.042450000004
20496.042450000004
20831.467400000005
20831.467400000005
20831.467400000005
20831.467400000005
21023.620125000005
21023.620125000005
21023.620125000005
21023.620125000005
21291.077625
21291.077625
21291.077625
21291.077625
21298.58007500001
21298.58007500001
21298.58007500001
21298.58007500001
21231.502450000004
21231.502450000004
21231.502450000004
21231.502450000004
21174.22742500001
21174.22742500001
21174.22742500001
21174.22742500001
21719.78030000001
21719.78030000001
21719.78030000001
21719.78030000001
22280.250000000004
22280.250000000004
22280.250000000004
22280.250000000004
21919.940425000004
21919.940425000004
21919.940425000004
21919.940425000004
21568.092275000006
21568.092275000006
21568.092275000006
21568.092275000006
21133.490200000004
21133.490200000004
21133.490200000004
21133.490200000004
20676.919925000006
20676.919925000006
20676.919925000006
20676.919925000006
20291.459475000007
20291.459475000007
20291.459475000007
20291.459475000007
20179.647475000005
20179.647475000005
20179.647475000005
20179.647475000005
19654.704625000006
19654.704625000006
19654.704625000006
19654.704625000006
19632.972500000007
19632.972500000007
19632.972500000007
19632.972500000007
19790.825200000007
19790.825200000007
19790.825200000007
19790.825200000007
19605.357425000006
19605.357425000006
19605.357425000006
19605.357425000006
20110.52537500001
20110.52537500001
20110.52537500001
20110.52537500001
20769.430175000005
20769.430175000005
20769.430175000005
20769.430175000005
20816.250500000006
20816.250500000006
20816.250500000006
20816.250500000006
20075.667475000006
20075.667475000006
20075.667475000006
20075.667475000006
20285.562500000004
20285.562500000004
20285.562500000004
20285.562500000004
20557.747550000004
20557.747550000004
20557.747550000004
20557.747550000004
20404.302725000005
20404.302725000005
20404.302725000005
20404.302725000005
21004.814950000004
21004.814950000004
21004.814950000004
21004.814950000004
21319.010250000007
21319.010250000007
21319.010250000007
21319.010250000007
21692.180200000006
21692.180200000006
21692.180200000006
21692.180200000006
21434.870125
21434.870125
21434.870125
21434.870125
21236.482400000004
21236.482400000004
21236.482400000004
21236.482400000004
20909.307625000005
20909.307625000005
20909.307625000005
20909.307625000005
20694.060075000005
20694.060075000005
20694.060075000005
20694.060075000005
21003.622075000007
21003.622075000007
21003.622075000007
21003.622075000007
21307.852550000007
21307.852550000007
21307.852550000007
21307.852550000007
21756.012275
21756.012275
21756.012275
21756.012275
22086.432125000007
22086.432125000007
22086.432125000007
22086.432125000007
22343.422375000006
22343.422375000006
22343.422375000006
22343.422375000006
22699.809975000007
22699.809975000007
22699.809975000007
22699.809975000007
23161.73250000001
23161.73250000001
23161.73250000001
23161.73250000001
23729.387500000004
23729.387500000004
23729.387500000004
23729.387500000004
23715.572500000006
23715.572500000006
23715.572500000006
23715.572500000006
23627.180000000004
23627.180000000004
23627.180000000004
23627.180000000004
23691.92750000001
23691.92750000001
23691.92750000001
23691.92750000001
24858.440000000006
24858.440000000006
24858.440000000006
24858.440000000006
24642.73000000001
24642.73000000001
24642.73000000001
24642.73000000001
23765.350000000006
23765.350000000006
23765.350000000006
23765.350000000006
23341.212500000005
23341.212500000005
23341.212500000005
23341.212500000005
23205.162500000002
23205.162500000002
23205.162500000002
23205.162500000002
23568.49000000001
23568.49000000001
23568.49000000001
23568.49000000001
23334.050000000007
23334.050000000007
23334.050000000007
23334.050000000007
23137.362500000007
23137.362500000007
23137.362500000007
23137.362500000007
23013.517500000005
23013.517500000005
23013.517500000005
23013.517500000005
22931.46750000001
22931.46750000001
22931.46750000001
22931.46750000001
23503.792500000007
23503.792500000007
23503.792500000007
23503.792500000007
23845.41250000001
23845.41250000001
23845.41250000001
23845.41250000001
24314.62500000001
24314.62500000001
24314.62500000001
24314.62500000001
24298.722500000003
24298.722500000003
24298.722500000003
24298.722500000003
23992.365000000005
23992.365000000005
23992.365000000005
23992.365000000005
23689.812500000015
23689.812500000015
23689.812500000015
23689.812500000015
23564.87250000001
23564.87250000001
23564.87250000001
23564.87250000001
23084.402500000007
23084.402500000007
23084.402500000007
23084.402500000007
23422.7975
23422.7975
23422.7975
23422.7975
23143.010000000006
23143.010000000006
23143.010000000006
23143.010000000006
23357.295
23357.295
23357.295
23357.295
23744.07750000001
23744.07750000001
23744.07750000001
23744.07750000001
23196.455000000005
23196.455000000005
23196.455000000005
23196.455000000005
22612.690000000006
22612.690000000006
22612.690000000006
22612.690000000006
23085.260000000006
23085.260000000006
23085.260000000006
23085.260000000006
23521.882500000007
23521.882500000007
23521.882500000007
23521.882500000007
24331.007500000007
24331.007500000007
24331.007500000007
24331.007500000007
24220.025000000005
24220.025000000005
24220.025000000005
24220.025000000005
23985.4
23985.4
23985.4
23985.4
24162.085000000006
24162.085000000006
24162.085000000006
24162.085000000006
23666.085000000006
23666.085000000006
23666.085000000006
23666.085000000006
23309.282500000005
23309.282500000005
23309.282500000005
23309.282500000005
23113.81750000001
23113.81750000001
23113.81750000001
23113.81750000001
23047.042500000007
23047.042500000007
23047.042500000007
23047.042500000007
23029.827500000007
23029.827500000007
23029.827500000007
23029.827500000007
23517.625000000007
23517.625000000007
23517.625000000007
23517.625000000007
22752.170000000006
22752.170000000006
22752.170000000006
22752.170000000006
22453.795000000006
22453.795000000006
22453.795000000006
22453.795000000006
21947.900000000005
21947.900000000005
21947.900000000005
21947.900000000005
22098.307500000006
22098.307500000006
22098.307500000006
22098.307500000006
22585.10000000001
22585.10000000001
22585.10000000001
22585.10000000001
22719.63000000001
22719.63000000001
22719.63000000001
22719.63000000001
21986.960000000006
21986.960000000006
21986.960000000006
21986.960000000006
22028.73250000001
22028.73250000001
22028.73250000001
22028.73250000001
22499.062500000007
22499.062500000007
22499.062500000007
22499.062500000007
22656.715000000007
22656.715000000007
22656.715000000007
22656.715000000007
22064.495000000003
22064.495000000003
20795.115000000005
20795.115000000005
19987.280000000006
19987.280000000006
19987.280000000006
19987.280000000006
20385.702500000007
20385.702500000007
20385.702500000007
20385.702500000007
19758.200000000008
19758.200000000008
19758.200000000008
19758.200000000008
19995.915000000005
19995.915000000005
19995.915000000005
19995.915000000005
20485.885000000006
20485.885000000006
20485.885000000006
20485.885000000006
20011.432500000006
20011.432500000006
20011.432500000006
20011.432500000006
19368.580000000005
19368.580000000005
19368.580000000005
19368.580000000005
18905.780000000006
18905.780000000006
18905.780000000006
18905.780000000006
17946.425000000003
17946.425000000003
17946.425000000003
17946.425000000003
17286.570000000003
17286.570000000003
17286.570000000003
17286.570000000003
18132.000000000007
18132.000000000007
18132.000000000007
18132.000000000007
18686.065000000006
18686.065000000006
18686.065000000006
18686.065000000006
18383.422500000004
18383.422500000004
18383.422500000004
18383.422500000004
19044.155000000006
19044.155000000006
19982.785000000003
19982.785000000003
19785.302500000005
19785.302500000005
19785.302500000005
19785.302500000005
20011.667500000007
20011.667500000007
20011.667500000007
20011.667500000007
19366.540000000005
19366.540000000005
19366.540000000005
19366.540000000005
19221.035000000007
19221.035000000007
18427.490000000005
18427.490000000005
18036.10000000001
18036.10000000001
18036.10000000001
18036.10000000001
18427.625000000004
18427.625000000004
18427.625000000004
18427.625000000004
19155.447500000006
19155.447500000006
19155.447500000006
19155.447500000006
18840.825000000008
18840.825000000008
18840.825000000008
18840.825000000008
18273.212500000005
18273.212500000005
18273.212500000005
18273.212500000005
18442.162500000002
18442.162500000002
18442.162500000002
18442.162500000002
18605.752500000006
18605.752500000006
18605.752500000006
18605.752500000006
18865.2025
18865.2025
18865.2025
18865.2025
19188.970000000005
19188.970000000005
19188.970000000005
19188.970000000005
19598.60000000001
19598.60000000001
19598.60000000001
19598.60000000001
20430.997500000005
20430.997500000005
20430.997500000005
20430.997500000005
20639.637500000008
20639.637500000008
20639.637500000008
20639.637500000008
20993.447500000006
20993.447500000006
20993.447500000006
20993.447500000006
21080.840000000007
21080.840000000007
21080.840000000007
21080.840000000007
21526.282500000005
21526.282500000005
21526.282500000005
21526.282500000005
21514.047500000008
21514.047500000008
21514.047500000008
21514.047500000008
21641.05250000001
21641.05250000001
21641.05250000001
21641.05250000001
21098.770000000008
21098.770000000008
21098.770000000008
21098.770000000008
21361.445000000003
21361.445000000003
21361.445000000003
21361.445000000003
21361.037500000006
21361.037500000006
21361.037500000006
21361.037500000006
20872.75750000001
20872.75750000001
20872.75750000001
20872.75750000001
20834.847500000007
20834.847500000007
20834.847500000007
20834.847500000007
20655.555000000004
20655.555000000004
20655.555000000004
20655.555000000004
20473.38250000001
20473.38250000001
20473.38250000001
20473.38250000001
20902.950000000004
20902.950000000004
20902.950000000004
20902.950000000004
20830.370000000006
20830.370000000006
20830.370000000006
20830.370000000006
21169.410000000007
21169.410000000007
21169.410000000007
21169.410000000007
20716.03250000001
20716.03250000001
20716.03250000001
20716.03250000001
20106.547500000004
20106.547500000004
20106.547500000004
20106.547500000004
19261.687500000004
19261.687500000004
19261.687500000004
19261.687500000004
18910.687500000004
18910.687500000004
18910.687500000004
18910.687500000004
18867.95250000001
18867.95250000001
18867.95250000001
18867.95250000001
18477.410000000007
18477.410000000007
18477.410000000007
18477.410000000007
18887.04500000001
18887.04500000001
18887.04500000001
18887.04500000001
19199.945000000003
19199.945000000003
19199.945000000003
19199.945000000003
19408.965000000007
19408.965000000007
19408.965000000007
19408.965000000007
19146.220000000005
19146.220000000005
19146.220000000005
19146.220000000005
19745.105000000003
19745.105000000003
19745.105000000003
19745.105000000003
19633.512500000008
19633.512500000008
19633.512500000008
19633.512500000008
19315.475000000006
19315.475000000006
19315.475000000006
19315.475000000006
19492.007500000003
19492.007500000003
19492.007500000003
19492.007500000003
19085.722500000007
19085.722500000007
19085.722500000007
19085.722500000007
19779.852500000005
19779.852500000005
19779.852500000005
19779.852500000005
20017.750000000004
20017.750000000004
20017.750000000004
20017.750000000004
20252.590000000007
20252.590000000007
20252.590000000007
20252.590000000007
20135.910000000003
20135.910000000003
20135.910000000003
20135.910000000003
20050.437500000007
20050.437500000007
20050.437500000007
20050.437500000007
19829.1325
19829.1325
19829.1325
19829.1325
19516.32
19516.32
19516.32
19516.32
19720.69250000001
19720.69250000001
19720.69250000001
19720.69250000001
20417.887500000008
20417.887500000008
20417.887500000008
20417.887500000008
20808.277500000007
20808.277500000007
20808.277500000007
20808.277500000007
20741.457500000008
20741.457500000008
20741.457500000008
20741.457500000008
20966.030000000002
20966.030000000002
20966.030000000002
20966.030000000002
21007.517500000005
21007.517500000005
21007.517500000005
21007.517500000005
21280.205000000005
21280.205000000005
21280.205000000005
21280.205000000005
21674.875000000007
21674.875000000007
21674.875000000007
21674.875000000007
21706.085000000006
21706.085000000006
21706.085000000006
21706.085000000006
21943.007500000007
21943.007500000007
21943.007500000007
21943.007500000007
21876.512500000008
21876.512500000008
21876.512500000008
21876.512500000008
21399.225000000006
21399.225000000006
21399.225000000006
21399.225000000006
21379.212500000005
21379.212500000005
21379.212500000005
21379.212500000005
21921.92000000001
21921.92000000001
21921.92000000001
21921.92000000001
22003.847500000007
22003.847500000007
22003.847500000007
22003.847500000007
22213.620000000006
22213.620000000006
22213.620000000006
22213.620000000006
22460.477500000005
22460.477500000005
22460.477500000005
22460.477500000005
22633.510000000006
22633.510000000006
22633.510000000006
22633.510000000006
22630.805000000008
22630.805000000008
22630.805000000008
22630.805000000008
23030.697500000013
23030.697500000013
23030.697500000013
23030.697500000013
23318.05750000001
23318.05750000001
23318.05750000001
23318.05750000001
23480.572500000006
23480.572500000006
23480.572500000006
23480.572500000006
23535.262500000008
23535.262500000008
23535.262500000008
23535.262500000008
23687.9
23687.9
23687.9
23687.9
23789.615
23789.615
23789.615
23789.615
23617.610000000008
23617.610000000008
23617.610000000008
23617.610000000008
23370.34000000001
23370.34000000001
23370.34000000001
23370.34000000001
23317.197500000006
23317.197500000006
23317.197500000006
23317.197500000006
22787.937500000007
22787.937500000007
22787.937500000007
22787.937500000007
22893.842500000006
22893.842500000006
22893.842500000006
22893.842500000006
23029.83750000001
23029.83750000001
23029.83750000001
23029.83750000001
22904.672500000004
22904.672500000004
22904.672500000004
22904.672500000004
22277.615000000005
22277.615000000005
22277.615000000005
22277.615000000005
22364.697500000006
22364.697500000006
22364.697500000006
22364.697500000006
22399.465000000004
22399.465000000004
22399.465000000004
22399.465000000004
22010.455000000005
22010.455000000005
22010.455000000005
22010.455000000005
21949.055000000008
21949.055000000008
21949.055000000008
21949.055000000008
21963.097500000007
21963.097500000007
21963.097500000007
21963.097500000007
22505.075000000008
22505.075000000008
22505.075000000008
22505.075000000008
22858.87250000001
22858.87250000001
22858.87250000001
22858.87250000001
23253.25500000001
23253.25500000001
23253.25500000001
23253.25500000001
23179.512500000008
23179.512500000008
23179.512500000008
23179.512500000008
23376.340000000004
23376.340000000004
23376.340000000004
23376.340000000004
22828.790000000008
22828.790000000008
22828.790000000008
22828.790000000008
22526.855000000007
22526.855000000007
22526.855000000007
22526.855000000007
21917.197500000006
21917.197500000006
21917.197500000006
21917.197500000006
21284.675000000007
21284.675000000007
21284.675000000007
21284.675000000007
20889.955000000005
20889.955000000005
20889.955000000005
20889.955000000005
20290.270000000004
20290.270000000004
20290.270000000004
20290.270000000004
20736.34250000001
20736.34250000001
20736.34250000001
20736.34250000001
20843.230000000007
20843.230000000007
20843.230000000007
20843.230000000007
21452.937500000007
21452.937500000007
21452.937500000007
21452.937500000007
21464.167500000007
21464.167500000007
21464.167500000007
21464.167500000007
21982.625000000004
21982.625000000004
21982.625000000004
21982.625000000004
22052.190000000006
22052.190000000006
22052.190000000006
22052.190000000006
22119.800000000007
22119.800000000007
22119.800000000007
22119.800000000007
22110.947500000006
22110.947500000006
22110.947500000006
22110.947500000006
22598.18750000001
22598.18750000001
22598.18750000001
22598.18750000001
22033.65500000001
22033.65500000001
22033.65500000001
22033.65500000001
21778.497500000005
21778.497500000005
21778.497500000005
21778.497500000005
22454.54500000001
22454.54500000001
22454.54500000001
22454.54500000001
22915.47000000001
22915.47000000001
22915.47000000001
22915.47000000001
23130.012500000008
23130.012500000008
23130.012500000008
23130.012500000008
23390.017500000005
23390.017500000005
23390.017500000005
23390.017500000005
23208.27500000001
23208.27500000001
23208.27500000001
23208.27500000001
23171.49000000001
23171.49000000001
23171.49000000001
23171.49000000001
23178.762500000004
23178.762500000004
23178.762500000004
23178.762500000004
23370.945000000003
23370.945000000003
23370.945000000003
23370.945000000003
23350.887500000004
23350.887500000004
23350.887500000004
23350.887500000004
22995.980000000007
22995.980000000007
22995.980000000007
22995.980000000007
23311.79500000001
23311.79500000001
23311.79500000001
23311.79500000001
23020.207500000008
23020.207500000008
23020.207500000008
23020.207500000008
22873.202500000007
22873.202500000007
22873.202500000007
22873.202500000007
23767.200000000004
23767.200000000004
23767.200000000004
23767.200000000004
23800.790000000005
23800.790000000005
23800.790000000005
23800.790000000005
24003.6025
24003.6025
24003.6025
24003.6025
23839.657500000005
23839.657500000005
23839.657500000005
23839.657500000005
23540.855000000007
23540.855000000007
23540.855000000007
23540.855000000007
23282.792500000007
23282.792500000007
23282.792500000007
23282.792500000007
23105.195000000003
23105.195000000003
23105.195000000003
23105.195000000003
23324.50500000001
23324.50500000001
23324.50500000001
23324.50500000001
22909.11500000001
22909.11500000001
22909.11500000001
22909.11500000001
22973.152500000007
22973.152500000007
22973.152500000007
22973.152500000007
23144.362500000007
23144.362500000007
23144.362500000007
23144.362500000007
22729.352500000008
22729.352500000008
22729.352500000008
22729.352500000008
21976.647500000006
21976.647500000006
21976.647500000006
21976.647500000006
21599.20250000001
21599.20250000001
21599.20250000001
21599.20250000001
22261.06750000001
22261.06750000001
22261.06750000001
22261.06750000001
22657.290000000005
22657.290000000005
22657.290000000005
22657.290000000005
22557.860000000004
22557.860000000004
22557.860000000004
22557.860000000004
22846.510000000006
22846.510000000006
22846.510000000006
22846.510000000006
22703.170000000006
22703.170000000006
22703.170000000006
22703.170000000006
22010.762500000008
22010.762500000008
22010.762500000008
22010.762500000008
21558.172500000004
21558.172500000004
21558.172500000004
21558.172500000004
21800.507500000007
21800.507500000007
21800.507500000007
21800.507500000007
22193.292500000007
22193.292500000007
22193.292500000007
22193.292500000007
22600.39750000001
22600.39750000001
22600.39750000001
22600.39750000001
22994.307500000006
22994.307500000006
22994.307500000006
22994.307500000006
22967.660000000007
22967.660000000007
22967.660000000007
22967.660000000007
22696.895000000008
22696.895000000008
22696.895000000008
22696.895000000008
22363.80250000001
22363.80250000001
22363.80250000001
22363.80250000001
22015.63250000001
22015.63250000001
22015.63250000001
22015.63250000001
22573.22000000001
22573.22000000001
22573.22000000001
22573.22000000001
22816.745000000006
22816.745000000006
22816.745000000006
22816.745000000006
23033.792500000007
23033.792500000007
23033.792500000007
23033.792500000007
23230.077500000003
23230.077500000003
23230.077500000003
23230.077500000003
23213.292500000007
23213.292500000007
23213.292500000007
23213.292500000007
23319.230000000007
23319.230000000007
23319.230000000007
23319.230000000007
23295.695000000003
23295.695000000003
23295.695000000003
23295.695000000003
23141.03250000001
23141.03250000001
23141.03250000001
23141.03250000001
23349.540000000005
23349.540000000005
23349.540000000005
23349.540000000005
23591.412500000002
23591.412500000002
23591.412500000002
23591.412500000002
23364.13000000001
23364.13000000001
23364.13000000001
23364.13000000001
23525.59250000001
23525.59250000001
23525.59250000001
23525.59250000001
23856.815000000006
23856.815000000006
23856.815000000006
23856.815000000006
24581.877500000006
24581.877500000006
24581.877500000006
24581.877500000006
24748.742500000008
24748.742500000008
24748.742500000008
24748.742500000008
24564.087500000005
24564.087500000005
24564.087500000005
24564.087500000005
24893.375000000004
24893.375000000004
24893.375000000004
24893.375000000004
25128.130000000005
25128.130000000005
25128.130000000005
25128.130000000005
25181.270000000008
25181.270000000008
25181.270000000008
25181.270000000008
24894.560000000005
24894.560000000005
24894.560000000005
24894.560000000005
25334.44750000001
25334.44750000001
25334.44750000001
25334.44750000001
24731.39250000001
24731.39250000001
24731.39250000001
24731.39250000001
24397.68250000001
24397.68250000001
24397.68250000001
24397.68250000001
24042.277500000007
24042.277500000007
24042.277500000007
24042.277500000007
23350.425000000007
23350.425000000007
23350.425000000007
23350.425000000007
23477.465000000004
23477.465000000004
23477.465000000004
23477.465000000004
23289.610000000004
23289.610000000004
23289.610000000004
23289.610000000004
23177.80250000001
23177.80250000001
23177.80250000001
23177.80250000001
23371.48250000001
23371.48250000001
23371.48250000001
23371.48250000001
23828.682500000006
23828.682500000006
23828.682500000006
23828.682500000006
23943.110000000008
23943.110000000008
23943.110000000008
23943.110000000008
23968.22750000001
23968.22750000001
23968.22750000001
23968.22750000001
24098.672500000008
24098.672500000008
24098.672500000008
24098.672500000008
23619.397500000006
23619.397500000006
23619.397500000006
23619.397500000006
24114.245000000006
24114.245000000006
24114.245000000006
24114.245000000006
23820.677500000005
23820.677500000005
23820.677500000005
23820.677500000005
23987.542500000003
23987.542500000003
23987.542500000003
23987.542500000003
23210.18500000001
23210.18500000001
23210.18500000001
23210.18500000001
23082.527500000007
23082.527500000007
23082.527500000007
23082.527500000007
23659.32750000001
23659.32750000001
23659.32750000001
23659.32750000001
23777.42000000001
23777.42000000001
23777.42000000001
23777.42000000001
23986.250000000004
23986.250000000004
23986.250000000004
23986.250000000004
24300.72500000001
24300.72500000001
24300.72500000001
24300.72500000001
24252.440000000006
24252.440000000006
24252.440000000006
24252.440000000006
24947.92000000001
24947.92000000001
24947.92000000001
24947.92000000001
24655.000000000004
24655.000000000004
24655.000000000004
24655.000000000004
24843.477500000008
24843.477500000008
24843.477500000008
24843.477500000008
24588.140000000007
24588.140000000007
24588.140000000007
24588.140000000007
24853.845000000016
24853.845000000016
24853.845000000016
24853.845000000016
24944.567500000005
24944.567500000005
24944.567500000005
24944.567500000005
24770.56500000001
24770.56500000001
24770.56500000001
24770.56500000001
24138.120000000003
24138.120000000003
24138.120000000003
24138.120000000003
23968.870000000006
23968.870000000006
23968.870000000006
23968.870000000006
24448.82500000001
24448.82500000001
24448.82500000001
24448.82500000001
24561.43250000001
24561.43250000001
24561.43250000001
24561.43250000001
25114.852500000008
25114.852500000008
25114.852500000008
25114.852500000008
26556.465000000007
28231.50500000001
27393.985000000008
27393.985000000008
27870.095000000005
27870.095000000005
27870.095000000005
27870.095000000005
27989.56000000001
27989.56000000001
27989.56000000001
27989.56000000001
28419.86000000001
28419.86000000001
28419.86000000001
28419.86000000001
28258.230000000007
28258.230000000007
28258.230000000007
28258.230000000007
27697.00500000001
27697.00500000001
27697.00500000001
27697.00500000001
27660.882500000007
27660.882500000007
27660.882500000007
27660.882500000007
27792.50750000001
27792.50750000001
27792.50750000001
27792.50750000001
28126.445000000007
28126.445000000007
28126.445000000007
28126.445000000007
27747.79250000001
27747.79250000001
27747.79250000001
27747.79250000001
27378.59250000001
27378.59250000001
27378.59250000001
27378.59250000001
27093.065000000006
27093.065000000006
27093.065000000006
27093.065000000006
26983.23250000001
26983.23250000001
26983.23250000001
26983.23250000001
27310.87250000001
27310.87250000001
27310.87250000001
27310.87250000001
26491.057500000006
26491.057500000006
26491.057500000006
26491.057500000006
25850.43500000001
25850.43500000001
24553.52500000001
24553.52500000001
25190.332500000008
25190.332500000008
25190.332500000008
25190.332500000008
25465.60750000001
25465.60750000001
25465.60750000001
25465.60750000001
25272.82750000001
25272.82750000001
25272.82750000001
25272.82750000001
24799.970000000005
24799.970000000005
24799.970000000005
24799.970000000005
24540.605000000007
24540.605000000007
24540.605000000007
24540.605000000007
24623.215000000007
24623.215000000007
24623.215000000007
24623.215000000007
24058.777500000004
24058.777500000004
24058.777500000004
24058.777500000004
23310.380000000005
23310.380000000005
22086.120000000003
22086.120000000003
21986.42000000001
21986.42000000001
21986.42000000001
21986.42000000001
21487.2975
21487.2975
21487.2975
21487.2975
21622.135000000006
21622.135000000006
21622.135000000006
21622.135000000006
21852.377500000006
21852.377500000006
21852.377500000006
21852.377500000006
22036.300000000007
22036.300000000007
22036.300000000007
22036.300000000007
21209.55250000001
21209.55250000001
21209.55250000001
21209.55250000001
21235.09500000001
21235.09500000001
22074.970000000005
22074.970000000005
22675.960000000006
22675.960000000006
22675.960000000006
22675.960000000006
22873.447500000006
22873.447500000006
22873.447500000006
22873.447500000006
23062.140000000007
23062.140000000007
23062.140000000007
23062.140000000007
23185.575000000004
23185.575000000004
23185.575000000004
23185.575000000004
22873.007500000007
22873.007500000007
22873.007500000007
22873.007500000007
22902.202500000007
22902.202500000007
22902.202500000007
22902.202500000007
22526.785000000007
22526.785000000007
22526.785000000007
22526.785000000007
22549.047500000004
22549.047500000004
22549.047500000004
22549.047500000004
22709.292500000007
22709.292500000007
22709.292500000007
22709.292500000007
22447.912500000006
22447.912500000006
22447.912500000006
22447.912500000006
22284.63500000001
22284.63500000001
22284.63500000001
22284.63500000001
21715.525000000005
21715.525000000005
21715.525000000005
21715.525000000005
21794.17000000001
21794.17000000001
21794.17000000001
21794.17000000001
22015.652500000007
22015.652500000007
22015.652500000007
22015.652500000007
22065.225000000006
22065.225000000006
22065.225000000006
22065.225000000006
21318.410000000007
21318.410000000007
21318.410000000007
21318.410000000007
20257.695000000003
20257.695000000003
20257.695000000003
20257.695000000003
19702.512500000004
19702.512500000004
19702.512500000004
19702.512500000004
19303.390000000003
19303.390000000003
19303.390000000003
19303.390000000003
19312.160000000007
19312.160000000007
19312.160000000007
19312.160000000007
19442.652500000007
19442.652500000007
19442.652500000007
19442.652500000007
18861.195000000003
18861.195000000003
18861.195000000003
18861.195000000003
19336.907500000005
19336.907500000005
19336.907500000005
19336.907500000005
19405.277500000004
19405.277500000004
19405.277500000004
19405.277500000004
19573.137500000008
19573.137500000008
19573.137500000008
19573.137500000008
20187.952500000007
20187.952500000007
20187.952500000007
20187.952500000007
20235.097500000003
20235.097500000003
20235.097500000003
20235.097500000003
20514.267500000005
20514.267500000005
20514.267500000005
20514.267500000005
20682.6025
20682.6025
20682.6025
20682.6025
20716.44500000001
20716.44500000001
20716.44500000001
20716.44500000001
20325.665000000005
20325.665000000005
20325.665000000005
20325.665000000005
20548.690000000002
20548.690000000002
21341.185
21341.185
21376.730000000003
21376.730000000003
21376.730000000003
21376.730000000003
21495.25500000001
21495.25500000001
21495.25500000001
21495.25500000001
21348.435
21348.435
21348.435
21348.435
20449.06750000001
20449.06750000001
20449.06750000001
20449.06750000001
20156.1575
20156.1575
20156.1575
20156.1575
19965.455000000005
19965.455000000005
19965.455000000005
19965.455000000005
20039.795000000002
20039.795000000002
20039.795000000002
20039.795000000002
20691.300000000007
20691.300000000007
20691.300000000007
20691.300000000007
20966.432500000006
20966.432500000006
20966.432500000006
20966.432500000006
21159.727500000008
21159.727500000008
21159.727500000008
21159.727500000008
20417.735000000004
20417.735000000004
20417.735000000004
20417.735000000004
20740.842500000002
20740.842500000002
20740.842500000002
20740.842500000002
20504.03000000001
20504.03000000001
20504.03000000001
20504.03000000001
20875.022500000006
20875.022500000006
20875.022500000006
20875.022500000006
20900.550000000007
20900.550000000007
20900.550000000007
20900.550000000007
21645.965000000007
21645.965000000007
21645.965000000007
21645.965000000007
21938.550000000007
21938.550000000007
21938.550000000007
21938.550000000007
22216.06000000001
22216.06000000001
22216.06000000001
22216.06000000001
22039.585000000006
22039.585000000006
22039.585000000006
22039.585000000006
22452.840000000007
22452.840000000007
22452.840000000007
22452.840000000007
22891.737500000007
22891.737500000007
22891.737500000007
22891.737500000007
23095.57000000001
23095.57000000001
23095.57000000001
23095.57000000001
22982.63000000001
22982.63000000001
22982.63000000001
22982.63000000001
23063.095000000005
23063.095000000005
23063.095000000005
23063.095000000005
23653.33
23653.33
23653.33
23653.33
23892.67750000001
23892.67750000001
23892.67750000001
23892.67750000001
23506.247500000005
23506.247500000005
23506.247500000005
23506.247500000005
23799.470000000005
23799.470000000005
23799.470000000005
23799.470000000005
23644.662500000006
23644.662500000006
23644.662500000006
23644.662500000006
