21163.570300000014
21344.849600000016
21402.69920000001
21098.839800000016
21531.970700000016
21498.869100000014
21761.039100000013
21871.599600000012
21077.240200000015
20988.740200000015
21672.269500000013
21677.15040000001
22455.009800000014
22393.140600000013
22871.039100000016
23062.619100000018
22542.08010000001
22619.230500000016
22089.089800000016
22573.179700000015
22695.730500000012
22207.310500000014
22425.130900000015
21739.220700000016
21915.279300000013
21690.599600000012
21859.339800000012
21640.89060000001
21223.38090000001
21109.009800000007
20994.53910000001
20751.140600000006
20484.36910000001
20388.789100000016
20350.480500000016
20739.480500000016
20785.80080000001
21104.560500000007
20857.029300000017
21223.990200000015
20844.150400000013
20595.589800000016
20526.730500000016
20356.50980000001
19708.390600000013
20637.990200000015
20299.97070000002
19951.359400000016
19220.279300000006
19157.73050000001
18019.19920000001
17637.189500000008
16283.71970000001
18588.109400000012
19137.66990000001
18872.849600000012
18862.900400000002
18870.109400000005
18500.10940000001
17796.33980000001
17445.429700000008
17631.699200000003
17682.40040000001
16790.859400000012
15431.730500000007
15550.860400000007
14398.540000000008
14754.63960000001
16618.09960000001
15961.91990000001
14578.540000000005
14554.210000000003
14691.790000000006
14884.070300000005
14038.410200000008
13403.349600000007
12618.379900000005
10676.290000000006
11133.940400000007
12333.940400000007
13280.440400000007
13517.419900000008
14272.169900000006
13853.160200000004
14750.040000000006
13674.070300000009
13273.089800000007
14453.620100000006
13926.71000000001
13626.309600000011
12943.110400000007
13493.860400000007
13277.639600000008
12676.280300000008
12738.53030000001
11976.879900000007
11814.809600000008
12239.490200000007
12767.440400000003
12990.349600000005
13332.929700000006
13550.290000000006
13659.440400000005
13344.599600000003
13573.429700000006
13459.610400000003
13656.91990000001
14303.25000000001
14717.46970000001
14946.00000000001
15337.730500000009
14479.230500000009
15007.419900000012
14819.730500000009
15179.379900000007
15301.16020000001
15014.980500000007
14622.389600000008
14084.860400000009
13855.88960000001
13967.690400000005
14189.080100000005
14302.150400000006
14412.120100000004
15128.320300000009
15367.92970000001
14976.740200000007
14334.15040000001
14297.41020000001
13895.040000000012
13644.540000000005
13674.960000000006
12904.049800000008
13113.450200000007
13097.50000000001
12816.25000000001
12439.129900000009
12657.099600000007
12469.839800000009
13109.26950000001
12899.570300000007
12733.349600000009
12729.04000000001
12975.29980000001
13018.639600000006
13322.620100000007
13561.540000000008
13663.410200000006
13363.059600000008
13174.009800000007
13314.019500000011
13257.349600000007
12933.910200000006
12712.330100000003
12788.080100000005
12669.570300000005
12777.960000000005
12634.839800000007
12858.280300000008
12691.960000000005
12799.80960000001
12296.86040000001
11849.169900000012
11880.169900000012
12163.549800000008
11921.520000000008
11344.580100000006
11542.879900000007
11904.61040000001
11848.50000000001
12303.700200000008
12615.450200000008
12878.089800000005
13020.799800000008
12947.900400000008
12797.099600000003
13001.549800000012
13538.16020000001
13567.450200000007
13819.099600000005
13955.660200000008
13413.480500000007
13428.309600000008
13411.790000000008
13953.55960000001
14392.190400000012
14778.50980000001
14743.71000000001
14276.349600000009
14656.160200000013
15140.38960000001
15213.38960000001
15517.389600000011
15560.400400000011
15382.960000000008
15065.58980000001
14830.589800000009
14867.589800000009
15062.290000000008
14798.90040000001
14464.780300000008
14714.509800000005
15204.099600000005
15855.240200000007
16295.860400000003
16268.030300000004
16880.599600000005
16970.1992
17032.439500000015
16908.060500000014
17014.859400000016
16422.27930000001
16736.179700000015
16334.360000000015
17376.429700000015
17362.36910000001
17172.640600000006
16740.26950000001
16789.00000000001
16977.71090000001
17347.890600000013
17833.740200000015
18415.410200000017
18300.619100000014
18508.300800000008
18108.800800000008
18406.85940000001
18236.050800000005
17710.449200000006
18258.16020000001
18564.869100000007
18707.189500000004
18433.300800000008
17859.74020000001
17833.76950000001
17655.820300000007
17759.85940000001
17906.390600000006
17375.960900000005
17484.060500000007
18069.369100000014
18360.71090000001
18451.759800000007
18364.810500000007
18053.099600000012
17894.81050000001
17897.67970000001
17821.71090000001
17493.619100000014
17509.279300000013
17645.550800000015
17185.96090000001
17581.42970000001
18030.099600000012
18303.580100000006
18457.419900000008
18960.5391
19295.230500000005
19224.050800000005
19415.369100000004
19715.150400000006
20096.169900000008
20109.550800000008
19787.48050000001
19955.32030000001
20474.050800000008
20449.189500000008
20748.60940000001
20436.650400000013
20339.87000000001
20316.779300000006
20730.41020000001
20733.339800000012
20417.75980000001
20746.919900000015
20639.560500000014
20058.099600000016
19916.27930000001
19824.859400000016
20196.330100000014
20002.77930000001
20433.609400000016
20143.50980000001
20401.74020000001
20147.33980000001
20004.69920000001
19592.07030000001
19734.269500000013
19425.859400000016
19526.890600000013
19744.44920000001
20446.160200000006
20617.40040000001
20825.16020000001
21020.91990000001
20980.15040000001
20821.589800000016
20819.930000000015
20950.380900000015
21636.519500000013
21515.929700000015
21457.349600000016
21491.689500000015
21524.330100000014
20963.36910000001
20766.460900000005
20534.82030000001
20889.81050000001
20792.98050000001
20323.589800000012
20305.06050000001
20509.64060000001
21072.58980000002
21284.41990000002
21421.769500000017
21262.710900000013
21371.820300000014
21562.660200000013
21971.480500000016
21899.16990000001
21761.830100000014
22260.410200000013
22200.640600000013
22002.789100000016
22407.400400000013
22016.789100000016
21740.330100000017
21134.330100000017
21720.41020000001
21130.90040000001
21223.41990000001
21360.66020000001
21372.990200000007
21780.570300000007
21941.619100000007
22200.24020000001
22396.039100000005
22359.089800000005
22343.99020000001
22770.68950000001
22798.01950000001
22645.740200000007
22587.179700000004
22376.359400000005
22490.339800000016
22395.38000000002
22336.07030000001
22108.25980000001
21002.49020000001
21687.68950000001
21789.41020000001
22266.68950000001
22333.66990000001
22240.859400000012
22256.10940000001
22055.01950000001
21658.269500000013
21565.58010000001
21796.83010000001
21546.529300000013
21779.919900000004
21517.589800000005
21218.900400000002
21078.199200000006
20932.769500000002
21029.28
21017.019500000006
21357.289100000013
21474.109400000016
21392.900400000013
21320.109400000012
21587.480000000007
21689.220700000016
21987.269500000013
22277.13090000002
22169.609400000016
22206.16020000001
22373.96090000001
22192.98050000001
21688.16990000001
21707.100000000013
21581.070300000014
21320.970700000016
21335.599600000012
21171.300800000015
20828.24020000001
20250.359400000012
20422.66990000001
20046.59960000001
19923.55080000001
20170.15040000001
19916.339800000012
19845.929700000008
20181.27930000001
20315.31050000001
20316.33010000001
19655.880900000007
19423.050800000008
19461.19920000001
19681.53910000001
20095.529300000002
20212.550800000005
20471.359400000016
20381.30080000001
19874.55080000001
20313.150400000013
20120.099600000012
20351.050800000015
20261.980000000007
20567.58010000001
20853.080100000006
20847.460900000005
20845.16020000001
20575.779300000006
20654.93950000001
21080.75980000001
21128.929700000015
21156.089800000016
21059.06050000001
21116.839800000012
20964.310500000018
20986.68950000002
21159.42970000002
21287.36910000002
21257.80080000001
20899.689500000015
20971.56050000001
20974.050800000008
20659.27930000001
20679.650400000006
21125.91020000001
21202.17000000001
21230.289100000016
21373.160200000013
21747.570300000014
21813.349600000016
21963.780000000013
22131.930000000015
22008.050800000015
22061.769500000013
22113.210900000013
21788.88090000001
21283.30080000001
21507.470700000013
21475.98050000002
21206.740200000015
21232.150400000013
21489.05080000001
21224.050800000015
20853.83010000001
20763.339800000016
20920.150400000013
20773.97070000001
20743.49020000001
20293.230500000016
19888.49020000001
19699.500000000015
20035.599600000016
19977.099600000016
20003.490200000015
20273.99020000002
20130.779300000013
19593.50000000002
19672.390600000017
19546.220700000013
19276.460900000013
19470.279300000002
18974.519500000002
19047.699200000006
18971.519500000006
19710.86000000001
19629.83010000001
19463.34960000002
19372.130900000015
19744.32030000001
19658.66020000001
19211.669900000008
19333.09960000001
19383.890600000006
19517.60940000001
19834.230500000012
20024.03910000001
19970.91020000001
20078.589800000012
20138.349600000012
20571.40040000001
20796.38090000001
20689.150400000006
20710.150400000013
20563.929700000015
20687.26950000001
20190.88090000001
19971.26950000001
19803.220700000013
19793.47070000001
19777.83010000001
19800.230500000012
20002.009800000014
20116.519500000013
20368.619100000014
20378.99020000001
20512.24020000001
20226.259800000014
20173.490200000015
20007.88090000001
20075.720700000013
20334.349600000012
20384.73050000001
20728.41020000001
20826.98050000001
20824.05080000002
20902.160200000013
20970.92970000001
20945.630900000007
21221.42970000001
21409.81050000001
21427.509800000014
21462.230500000012
21456.740200000015
21622.11910000001
21446.800800000015
21239.16990000002
20926.480500000012
21012.509800000014
20881.949200000003
21015.009800000007
20968.69920000001
21023.30080000001
20868.240200000015
20845.699200000017
20651.26950000001
20512.77930000001
20567.330100000006
20552.550800000005
20668.810500000007
20372.28910000001
20529.869100000014
20819.609400000012
20860.890600000013
21139.789100000016
21313.259800000014
21066.689500000015
21122.730500000012
21092.810500000014
21395.57030000001
21656.449200000014
21633.07030000001
21525.71000000001
21713.669900000015
21874.419900000015
21950.68950000001
22021.599600000012
21956.75980000001
22292.539100000013
22091.130900000015
22300.089800000012
22202.429700000015
22542.360000000015
22504.050000000014
22872.42000000001
22824.050000000007
22861.150000000005
23151.620000000006
23055.61000000001
23035.57000000002
23614.400000000023
23650.300000000014
23467.450000000015
23551.310000000027
23307.49000000002
23450.830000000016
23465.76000000001
23519.16000000002
23546.33000000002
23148.18000000002
23136.97000000002
22880.680000000015
23366.820000000014
23566.880000000012
23684.990000000013
24345.930000000015
24732.900000000023
24732.52000000002
24687.300000000017
24421.030000000013
24505.150000000016
24187.270000000015
24002.650000000012
23578.87
23192.49
23327.290000000008
23252.33000000001
23419.41000000002
22871.11000000002
22971.210000000014
23037.860000000015
22782.980000000007
22785.28000000001
22844.53000000001
22842.120000000014
23388.740000000013
23286.540000000008
23213.71000000001
23101.81000000001
22998.34000000001
23083.16000000001
22965.900000000012
23233.400000000012
23328.010000000002
22876.880000000005
22598.960000000006
22519.610000000008
22392.67000000001
22671.61000000001
22990.690000000013
22867.93000000002
22776.620000000006
22529.25980000001
22663.80000000001
22890.560000000012
23012.50000000001
23057.520000000008
23408.090000000007
23579.74000000001
23698.38
23654.040000000005
23481.800000000007
23512.220000000012
23857.170000000006
24208.450000000004
24187.900000000012
24098.03000000001
24104.340000000015
24243.880000000016
23963.86000000002
23840.29000000002
23751.720000000023
23769.46000000002
23662.180000000015
23734.70000000001
23580.42000000001
23285.60000000001
23422.72000000002
23671.510000000013
23530.80000000002
23396.170000000016
23128.720000000023
22668.02000000002
22446.670000000016
22899.58000000002
22881.160000000018
22809.010000000017
23079.47000000002
23316.300000000014
23444.77000000002
22938.13000000002
22837.090000000007
22575.99000000001
22712.960000000014
22886.37000000001
23244.11000000001
22915.650000000012
23097.150000000016
23374.600000000013
23229.07000000001
23307.700000000015
23775.700000000015
23564.950000000015
23105.990000000016
23078.940000000013
22253.470000000016
22541.55000000001
22123.260000000006
22273.700000000008
22395.300000000007
22654.220000000012
22714.86000000001
22890.830000000013
23068.09000000001
22952.430000000015
22965.340000000007
23180.92000000001
23450.46000000001
23474.340000000007
23917.010000000013
24102.60000000001
24195.61000000001
24251.74000000001
24250.050000000003
23916.550000000003
23842.290000000015
23912.27000000001
23902.030000000017
23769.480000000014
23468.200000000023
23682.79000000002
24031.420000000016
23844.300000000014
23825.130000000016
23761.130000000016
23633.740000000016
23599.280000000017
23230.38000000002
23167.930000000015
22985.660000000018
23239.150000000016
23233.42000000002
22985.540000000023
22888.080000000024
22937.14000000002
22768.030000000017
22924.460000000017
23031.600000000013
23147.420000000013
22691.33000000002
22631.130000000016
22519.660000000018
22796.13000000002
22859.980000000018
23086.050000000017
23371.48000000001
23598.390000000007
23210.95000000001
22932.48000000001
22730.120000000006
22607.090000000007
22372.940000000006
22297.940000000006
22156.810000000012
22298.470000000016
22327.000000000015
21874.890000000014
21628.330000000016
21508.77000000001
21656.06000000001
21837.840000000007
21632.87000000001
21783.73000000001
21888.04000000002
21952.370000000014
22022.060000000012
22174.610000000008
22728.650000000016
22707.100000000013
22509.18000000001
22523.93000000001
22677.970000000012
22307.220000000012
21648.390000000007
21718.810000000012
21747.450000000008
21774.950000000008
21727.930000000015
21611.16000000001
21871.96000000001
21857.03000000001
22231.60000000001
22217.400000000012
22262.460000000006
22469.180000000008
22231.070000000007
22323.16000000001
22651.00000000001
22387.92000000001
21882.780000000013
21725.670000000013
20643.260000000017
20044.370000000017
18868.11000000002
19672.660000000014
19269.410000000014
19575.00000000002
19924.56000000002
20140.31000000002
20214.720000000023
19969.21000000002
19314.42000000001
19047.64000000001
19383.38000000001
19452.650000000012
19638.87000000001
19549.530000000013
19749.400000000016
20071.52000000001
20168.93000000002
20572.97000000002
20178.670000000013
19567.77000000002
19290.400000000016
19785.290000000015
19799.490000000013
19808.95000000001
18989.44000000001
18627.65000000001
18935.08000000001
19454.740000000013
18876.060000000016
18732.75000000002
18698.900000000012
17859.310000000016
17373.410000000014
16999.54000000001
17769.06000000001
17843.950000000008
17502.080000000013
16717.14000000001
16170.35000000001
16849.450000000008
17505.38000000001
17437.840000000007
18041.700000000008
17804.56000000001
18453.050000000003
18367.850000000006
18675.810000000012
17963.26000000001
18203.990000000013
17782.000000000007
17926.29000000001
18435.410000000014
18801.420000000013
18705.080000000016
19046.470000000016
19972.240000000013
19699.330000000016
19322.600000000013
19024.07000000001
19142.340000000015
19773.310000000012
19649.570000000014
19659.94000000001
19967.170000000013
18945.580000000016
19028.310000000012
19496.16000000001
19240.350000000013
18768.670000000006
18657.740000000005
18398.960000000006
18054.23000000001
18017.50000000001
17838.740000000016
17657.690000000006
17613.200000000008
17954.190000000013
18053.92000000001
17860.800000000014
18868.320000000018
18878.310000000012
18972.90000000001
18818.680000000015
19009.430000000015
18956.410000000014
18511.42000000001
18508.120000000014
18297.660000000014
18280.67000000001
17895.150000000012
18025.600000000006
17821.520000000004
18010.260000000006
18288.650000000012
18238.38000000001
18539.590000000007
18461.97000000001
18293.810000000012
18415.85000000001
18724.17000000001
18687.940000000013
18723.28000000001
18506.58000000001
18302.84000000001
18858.57000000001
18983.14000000001
19050.950000000004
19073.180000000008
18985.750000000007
19173.290000000008
19577.070000000007
19776.320000000007
19927.880000000012
20301.59000000001
20384.050000000007
20144.950000000008
20219.270000000015
20269.510000000013
20564.970000000016
20639.49000000002
20633.130000000005
20649.270000000004
20755.730000000007
20787.840000000007
20703.79000000001
20673.96000000001
20813.53000000001
20933.39000000001
21157.55000000001
21381.69000000001
21393.480000000014
21221.39000000001
21302.19000000001
21325.560000000012
21292.40000000001
21076.52000000001
21273.990000000016
21525.910000000014
21338.29000000001
21531.93000000001
21230.61000000001
20789.36000000001
20521.96000000001
20681.090000000015
20917.68000000001
20924.36000000001
21261.320000000014
21263.02000000001
21162.17000000001
21253.39000000001
21075.380000000016
20786.690000000013
20756.030000000013
20801.790000000015
20596.890000000014
20580.720000000016
20896.19000000001
20798.09000000001
20527.26000000001
20374.030000000013
20417.690000000006
20588.200000000008
20404.15000000001
20297.390000000007
20035.680000000015
20138.02000000002
20574.35000000001
20514.090000000015
20392.570000000014
20715.94000000001
20767.46000000001
20881.620000000014
20624.390000000007
20534.130000000012
20584.980000000007
20674.940000000006
20648.77000000001
20889.77000000001
21237.170000000006
21153.630000000012
21061.140000000007
20477.860000000008
20399.380000000012
20257.610000000008
20091.680000000015
19901.41000000001
19715.51000000001
19639.850000000006
19181.19000000001
19139.73000000001
18622.31000000001
18796.690000000006
19002.640000000007
18661.48000000001
18654.760000000006
18577.090000000007
18672.32000000001
18735.50000000001
18604.450000000008
18378.14000000001
18487.660000000014
18056.40000000002
18223.130000000012
18320.610000000015
18624.43000000001
18461.18000000001
18847.670000000013
18708.26000000001
18812.940000000006
18795.650000000005
18919.170000000006
19395.930000000008
19320.180000000004
19469.13000000001
19258.110000000008
18976.050000000003
18861.560000000012
18850.470000000016
18942.000000000015
19009.26000000001
18991.10000000001
19622.370000000014
19677.450000000015
19588.630000000016
19690.640000000014
19421.750000000015
19347.23000000001
19233.76000000001
18998.300000000014
19032.590000000015
19061.670000000013
19156.960000000014
19134.570000000014
19393.45000000001
19511.900000000016
18986.20000000001
18854.32000000001
18710.590000000015
18793.150000000016
19162.530000000013
19478.70000000001
19618.570000000014
19646.96000000001
19651.760000000006
19454.330000000013
19978.650000000012
19983.76000000001
19966.12000000001
20149.200000000015
20045.300000000014
20037.810000000016
20094.020000000015
20016.030000000006
19919.560000000012
20047.640000000007
19911.490000000013
19979.580000000013
19853.42000000001
19935.130000000012
19840.19000000001
19769.43000000002
19723.300000000014
19770.540000000015
19509.310000000012
19450.770000000015
19386.04000000001
19414.510000000006
19116.840000000007
19076.790000000015
19484.240000000013
19764.690000000017
19658.710000000014
19996.140000000003
20009.500000000004
20475.740000000005
20591.440000000002
20568.120000000006
20609.520000000008
20578.560000000012
20677.140000000007
20503.240000000013
20648.59000000001
20485.080000000013
20487.36000000001
20725.520000000008
20799.82000000001
20835.06000000001
20924.730000000007
20807.930000000015
20926.830000000016
20767.360000000015
20813.05000000001
21051.09000000002
21076.95000000002
21120.170000000013
21352.88000000002
21476.300000000014
21522.910000000014
21431.240000000016
21533.240000000016
21710.84000000002
21527.540000000015
21397.09000000002
21338.650000000023
21496.92000000001
21506.050000000007
22019.650000000016
21990.680000000015
21832.280000000002
21811.190000000006
21555.75000000001
21330.340000000007
21339.19000000001
21181.920000000013
21221.310000000016
21098.410000000014
21105.210000000014
21136.320000000014
21213.120000000014
21229.14000000001
21517.910000000014
21723.350000000017
21827.27000000002
21820.150000000016
21629.580000000016
21786.030000000013
21918.550000000017
21716.77000000002
21687.880000000012
21804.930000000015
22215.080000000016
22188.070000000014
22235.760000000013
22244.020000000015
22412.900000000016
22380.780000000013
22396.72000000002
22453.590000000015
22449.740000000016
22562.020000000015
22483.95000000001
22423.16000000001
22494.710000000006
22608.600000000006
22628.46000000001
22566.89000000001
22860.25000000001
23234.43000000001
23172.28000000001
23254.230000000014
23088.400000000016
23141.670000000013
23165.64000000001
23212.900000000012
23292.070000000014
23306.170000000013
23203.24000000002
23222.96000000002
23450.77000000002
23535.470000000016
23498.960000000006
23540.420000000013
23547.79000000001
23481.370000000006
23621.950000000015
23602.850000000017
23765.570000000018
23667.940000000013
23571.300000000014
23637.18000000001
23104.270000000015
23204.050000000014
23134.78
23101.090000000004
23300.6
23284.050000000003
23309.55000000001
23139.08000000001
23163.860000000008
22828.170000000006
22674.590000000007
22777.63000000001
22510.76
22445.34
22734.840000000015
22868.690000000013
22466.080000000016
22523.690000000017
22664.940000000013
22656.370000000014
22839.270000000015
23064.93000000001
22879.18000000002
22487.33000000002
22305.540000000015
22494.040000000015
21997.720000000012
22030.660000000007
21975.90000000001
22179.500000000007
22033.180000000008
22201.060000000012
22088.560000000016
22366.020000000015
22132.330000000016
22203.930000000015
22283.160000000007
21703.28000000001
21612.050000000017
21800.24000000002
21858.81000000002
22058.300000000017
22049.580000000013
21735.31000000001
21475.330000000013
21550.720000000012
21423.250000000015
21496.290000000015
21956.530000000013
21747.470000000016
21962.90000000002
22214.65000000002
22528.950000000015
22488.65000000002
22669.54000000001
22552.310000000016
22678.67000000001
22864.910000000014
22855.58000000001
23156.26000000001
23126.810000000012
23144.12000000001
22958.870000000014
22878.64000000001
23002.32000000001
22955.900000000012
23348.740000000016
23337.75000000002
23179.46000000001
22605.690000000013
22470.53000000001
22544.89000000001
22639.54000000001
22532.57000000001
22290.72
22346.18
22249.650000000005
22178.640000000003
21933.920000000013
21799.250000000015
21506.330000000016
21497.550000000017
21307.99000000002
20652.750000000015
20954.660000000014
21007.28000000001
20995.39000000001
20896.220000000012
20374.140000000014
19969.98000000001
19756.61000000001
19426.36000000001
19913.980000000014
20375.400000000012
20490.890000000018
20633.160000000014
20119.560000000016
20318.020000000015
20729.030000000006
20244.070000000007
20571.55000000001
20633.02000000001
21177.630000000016
21242.470000000012
21205.600000000013
21209.180000000015
21253.59000000002
21288.580000000016
21214.240000000016
21283.83000000002
21517.20000000001
21799.310000000012
21841.450000000015
21834.240000000016
21749.69000000001
21839.76000000001
21853.44000000001
21983.150000000016
22136.780000000013
22193.670000000013
21807.96000000001
21571.150000000012
21629.500000000007
21674.97000000001
21735.06000000001
22310.54000000001
22472.880000000016
22311.550000000014
22387.710000000014
21907.210000000014
21618.60000000001
21538.190000000013
21769.040000000015
21898.150000000016
21770.750000000015
21465.720000000016
21554.250000000015
21549.960000000014
21948.720000000012
22290.830000000013
22142.990000000013
22486.630000000012
22578.330000000013
22680.63000000001
22842.88000000001
22848.53000000001
22908.99000000002
22790.780000000013
23173.840000000015
23127.870000000014
23080.590000000015
23469.03000000001
23291.230000000014
23102.25000000001
23154.84000000001
23043.890000000014
23118.840000000015
22845.440000000013
22933.310000000016
23126.990000000016
22983.470000000016
22896.650000000016
22927.12000000001
22965.91000000001
22743.47000000002
23204.260000000013
23279.330000000024
23128.690000000017
23073.88000000002
23213.040000000015
23356.790000000008
23263.530000000006
22970.52000000001
22762.19000000001
22640.180000000015
22753.750000000015
22760.900000000016
22935.600000000013
23108.270000000015
23149.530000000017
23165.060000000012
22949.420000000013
22954.70000000001
22819.65000000001
22686.570000000014
22688.41000000001
22857.260000000013
22463.400000000012
22529.330000000016
22749.600000000013
23390.660000000018
23620.280000000013
23690.810000000016
23508.79000000002
23641.20000000002
23673.530000000013
23659.980000000014
23649.800000000014
23734.540000000015
23809.710000000014
23844.240000000016
23833.25000000001
23603.020000000008
23563.21000000001
23614.200000000004
23775.010000000002
23707.760000000017
23295.14000000002
23160.90000000002
23017.340000000022
22999.760000000013
23040.600000000017
22993.540000000015
22753.300000000017
22713.70000000002
22862.890000000014
23026.100000000013
23130.860000000015
23178.28000000001
23271.800000000014
23173.93000000001
22782.42000000001
22567.770000000015
22644.580000000013
22778.830000000016
22709.030000000013
22726.84000000001
22762.240000000013
22637.550000000014
22826.980000000014
22936.74000000001
22849.10000000001
22884.620000000006
22986.470000000012
22913.660000000014
22722.580000000013
22435.72000000001
21880.73000000001
21892.200000000004
22109.930000000008
21746.230000000003
21388.610000000008
21197.780000000006
21277.01000000001
21480.090000000007
21524.81000000001
21623.790000000008
22010.560000000012
22098.200000000008
22243.770000000008
22463.40000000001
22437.380000000012
22534.190000000006
22297.85000000001
22442.390000000014
22260.130000000012
22259.760000000017
22258.890000000014
22432.480000000014
22709.520000000015
22487.230000000014
22534.100000000017
22529.830000000013
22588.760000000006
22604.02000000001
22206.80000000001
22198.070000000018
21873.200000000023
21743.34000000002
21462.49000000002
21423.030000000013
21469.210000000014
21485.510000000013
21137.61000000001
21171.91000000001
21590.070000000007
21704.730000000014
21865.330000000013
21715.630000000016
21930.400000000012
22043.51000000001
22250.66000000001
22436.28000000001
22531.240000000016
22452.64000000001
22326.410000000007
22329.990000000013
22721.19000000001
22734.39000000001
22946.21000000001
22911.820000000014
22658.27000000002
22627.510000000013
22657.950000000015
22644.43000000002
22495.590000000015
22461.10000000001
22213.740000000016
22096.950000000015
22099.200000000015
22097.360000000015
22150.350000000013
21873.87000000001
21680.33000000001
21738.150000000012
21705.120000000006
21796.900000000016
22286.460000000014
22365.23000000001
22610.01000000001
22555.590000000007
22555.970000000012
22758.02000000001
22649.66000000001
22884.52000000001
22922.350000000006
22898.78000000001
22886.46000000001
22949.86000000002
22968.100000000017
22993.710000000017
23134.340000000015
23110.850000000017
23052.43000000002
22950.670000000013
23053.38000000002
23061.250000000015
23168.140000000014
23065.500000000015
23099.87000000001
23232.560000000016
23127.020000000015
23128.220000000016
23122.750000000015
23157.860000000008
22802.100000000006
22832.910000000003
22829.290000000008
22926.040000000008
23111.030000000006
22960.08000000001
23293.820000000007
23482.900000000012
23508.270000000008
23435.240000000013
23455.130000000012
23126.680000000008
23182.060000000012
23146.99000000001
23273.410000000007
23398.250000000007
23430.140000000007
23421.99000000001
23240.61000000001
23372.630000000012
23423.34000000002
23834.39000000001
24005.25000000002
24088.990000000016
24248.36000000001
24437.100000000017
24660.350000000017
24661.570000000018
24485.730000000014
24558.370000000017
24494.09000000001
24397.410000000014
24364.58000000002
24190.930000000022
24491.02000000002
24552.420000000013
24611.220000000016
24721.870000000014
24872.710000000017
24765.030000000013
24909.260000000017
25056.710000000014
24896.20000000001
25025.940000000013
24946.85000000001
25068.980000000014
24883.46000000001
24679.10000000001
24630.800000000014
24696.18000000002
24576.230000000014
24751.720000000012
25193.370000000006
25171.59000000001
25074.02000000001
24681.19000000001
24589.900000000016
24487.94000000001
24300.570000000014
24117.600000000013
24339.530000000013
24103.530000000013
24155.62000000001
23949.290000000008
23825.960000000006
23788.980000000007
23754.330000000013
23555.620000000003
23095.78
22855.040000000008
22565.600000000006
22988.640000000007
23209.770000000004
23184.149999999998
23437.87
23071.27000000001
22871.27000000001
23040.80000000001
22992.930000000008
22868.02000000002
22888.760000000017
23052.310000000016
22964.920000000016
23193.480000000018
23221.690000000017
23157.480000000018
23012.800000000017
23189.830000000013
23699.56000000001
23615.100000000006
23850.70000000001
23875.090000000015
23815.850000000017
23623.14000000001
23623.410000000014
23430.200000000015
23703.72000000002
23760.530000000017
23801.73000000002
23850.39000000001
23966.800000000007
23787.280000000013
23483.190000000017
23341.160000000014
23252.630000000016
23301.48000000001
23823.560000000012
23809.510000000017
23799.42000000002
23962.44000000002
23887.630000000023
23318.48000000001
23293.810000000012
23378.81000000002
23456.710000000014
23772.840000000022
24012.15000000002
23399.870000000017
23345.89000000002
23169.670000000013
23230.030000000013
22856.020000000015
22641.060000000016
22529.750000000015
22736.890000000014
23041.370000000014
23264.050000000014
23269.43000000002
23290.420000000016
23694.53000000002
23442.550000000017
23464.25000000002
23635.600000000017
23655.520000000022
23312.50000000002
23332.030000000002
23719.050000000007
23859.49000000001
23905.010000000006
23908.23
24056.220000000005
24070.39
24086.21
23590.050000000017
23747.92000000002
24016.630000000023
24438.98000000002
24726.770000000008
24761.550000000007
24672.76000000001
24716.680000000008
24524.18000000001
24450.050000000014
24324.37000000001
24327.51000000001
24642.500000000007
24642.810000000012
24645.760000000013
24449.480000000014
24422.850000000017
24266.68000000002
24226.290000000023
24521.13000000002
24687.15000000002
24653.880000000023
24806.060000000016
24664.68000000002
24673.930000000015
24691.780000000013
24709.560000000012
24815.030000000013
24715.380000000012
24663.430000000015
24439.29000000001
24133.710000000017
24126.09000000001
23910.16000000001
23869.820000000014
23703.84000000002
23677.06000000002
23790.830000000024
23711.270000000015
23822.780000000017
23938.630000000023
24248.840000000022
24351.500000000015
24436.420000000013
24294.950000000026
24377.92000000002
24399.840000000022
24420.47000000002
24725.520000000008
24876.370000000006
24926.110000000015
25152.570000000014
25640.040000000015
26732.230000000018
26812.75000000001
27304.120000000014
27483.45000000001
27442.52000000001
27470.100000000013
27597.680000000015
26959.770000000022
27404.15000000002
27727.86000000002
27804.030000000017
27591.570000000018
28245.140000000025
28251.990000000027
28201.760000000024
27997.900000000027
28017.200000000023
27598.17000000002
27570.410000000025
27207.280000000013
27367.110000000015
27582.23000000001
27395.91000000001
27191.030000000017
27192.93000000002
27315.100000000013
27435.570000000014
27500.760000000013
27490.33000000002
27393.31000000002
27696.970000000016
28237.490000000023
27982.140000000025
27242.110000000015
27255.890000000014
27241.95000000002
27348.13000000002
27508.840000000022
27094.50000000002
27211.360000000015
27060.24000000002
26971.570000000018
26573.960000000017
26839.430000000015
26987.52000000001
26841.520000000015
26553.04000000002
26555.960000000017
26595.960000000017
26701.720000000027
26811.66000000002
27008.51000000002
27292.850000000017
27120.720000000012
26522.450000000015
25617.780000000017
25885.660000000014
26135.620000000014
25933.120000000014
24750.310000000012
24819.26000000001
22836.820000000007
23332.90000000001
24567.92000000001
24596.440000000006
24906.470000000012
24862.65000000002
24841.14000000001
25183.86000000001
25298.96000000001
25342.690000000013
25177.600000000013
25250.360000000015
25073.200000000015
24282.21000000001
24140.620000000014
24444.47000000002
24478.070000000018
24467.83000000002
24232.60000000002
24217.78000000002
24420.95000000002
24320.750000000015
24327.560000000016
24135.640000000018
24420.71000000001
23826.96000000001
23860.820000000014
23957.360000000015
23699.84000000001
23464.350000000006
23138.730000000003
22610.530000000006
22185.850000000002
21136.480000000007
20865.26000000001
21060.09000000001
21407.590000000015
21585.330000000013
21399.62000000001
21170.860000000015
20771.770000000008
20715.020000000008
20579.93000000001
20524.88000000001
21529.810000000012
21492.09000000001
21472.16000000001
21441.710000000006
21411.170000000006
21608.500000000007
21718.710000000006
21807.250000000007
21590.70000000001
21768.98000000001
21008.610000000015
21053.500000000015
20957.990000000013
20368.12000000001
20683.110000000008
21130.110000000008
21739.90000000001
21719.290000000008
21817.420000000013
22201.110000000015
22440.880000000016
22562.260000000013
22515.730000000018
22356.56000000002
22567.650000000016
22953.56000000002
22913.60000000001
22843.04000000001
22727.59000000001
23088.030000000013
23066.940000000017
22885.220000000016
22923.660000000014
22811.32000000001
22612.560000000016
22332.71000000001
22560.170000000013
22737.44000000001
22960.620000000014
22791.910000000014
22689.260000000013
22339.690000000013
22324.410000000018
22454.960000000014
22318.620000000014
21958.280000000017
22243.960000000014
22163.280000000013
22416.000000000015
22412.030000000013
22619.680000000015
22433.51000000001
22436.01000000001
22453.69000000001
22051.01000000001
21907.350000000006
22143.570000000007
22368.660000000003
22327.040000000008
22108.460000000006
22200.550000000007
21765.620000000006
21755.69000000001
21668.12000000001
21440.700000000008
21010.260000000006
21215.54000000001
21557.730000000007
21763.760000000006
21625.820000000003
21641.17000000001
21750.74000000001
21846.48000000001
22128.72000000001
21880.51000000001
21881.710000000014
21868.030000000017
21864.120000000014
21227.610000000015
21095.900000000016
20947.30000000001
20323.970000000016
20324.62000000001
19865.180000000015
19694.990000000016
19850.730000000014
19509.080000000013
19500.380000000016
19195.560000000012
19204.220000000016
18833.880000000012
18534.30000000001
18769.61000000001
19291.910000000007
18811.83000000001
18931.34000000001
18982.220000000005
19130.590000000007
19444.260000000013
19403.490000000016
18764.820000000014
19166.180000000015
19230.000000000015
18446.560000000012
18278.800000000017
18668.870000000017
18974.600000000006
18909.060000000012
19266.220000000012
19210.650000000012
19374.240000000016
19328.260000000013
19060.160000000014
18867.700000000015
19122.56000000001
19053.78000000001
19108.30000000001
19783.920000000006
19791.60000000001
19977.43000000001
20095.63000000001
19902.75000000001
19818.420000000013
19923.540000000015
19853.630000000012
20328.880000000012
20254.59000000001
20168.740000000013
20435.650000000016
20514.970000000016
20618.56000000001
20576.800000000007
20513.610000000008
20268.530000000006
20250.150000000016
20541.070000000014
20689.220000000012
20455.410000000014
20116.870000000014
20100.00000000001
20165.760000000006
20045.470000000012
20240.690000000013
20407.82000000001
20716.91000000001
21266.210000000014
21234.12000000001
21002.77000000001
21259.17000000001
21103.340000000007
21331.590000000007
21358.53000000001
21254.460000000006
21080.880000000012
21277.040000000008
21255.420000000006
21023.770000000008
20668.370000000006
20411.410000000003
20342.750000000007
20058.77
20125.780000000002
19962.43000000001
20008.92000000001
19863.620000000006
19594.61000000001
19705.910000000014
19847.700000000015
19749.290000000015
19646.350000000013
19631.710000000006
19750.62000000001
19712.67000000001
20156.760000000013
20249.960000000006
20290.840000000004
20465.84000000001
20617.33000000001
20713.29000000002
20680.65000000002
20887.790000000015
20840.95000000002
21153.680000000015
21179.95000000002
21017.980000000014
20430.810000000016
20358.940000000013
20161.010000000013
19964.370000000014
20090.800000000014
20288.49000000001
20516.730000000007
20515.250000000007
20753.94000000001
19662.700000000015
19969.47000000002
19898.750000000015
20217.070000000014
20614.650000000012
20840.64000000001
20737.16000000001
20304.390000000007
20576.74000000002
20468.53000000002
20840.000000000015
20957.260000000017
21279.770000000015
21242.93000000002
21515.350000000017
21616.160000000014
21612.600000000013
21632.51000000001
21913.160000000014
21832.43000000001
21878.880000000012
21890.890000000014
21997.880000000012
22053.51000000001
21830.460000000014
22027.650000000016
21725.380000000012
21788.310000000012
21961.050000000017
22260.070000000014
22402.910000000007
22399.29000000001
22359.920000000013
22704.050000000017
22765.230000000014
22841.660000000014
22775.870000000014
22976.11000000001
22875.560000000016
22792.420000000016
22854.350000000017
22702.61000000002
22735.030000000013
22827.220000000016
22762.730000000014
22898.780000000017
22939.870000000017
22843.420000000013
23152.790000000015
23530.360000000015
23548.55000000001
23695.680000000015
23663.590000000004
23914.730000000003
23290.6
23196.490000000005
23155.730000000014
23194.370000000014
23394.950000000004
23397.130000000005
23436.230000000007
23683.580000000005
23628.640000000003
23276.13
23295.050000000017
23370.440000000017
23607.990000000013
23239.360000000015
