21932.306512500014
21932.306512500014
21932.306512500014
21932.306512500014
21932.306512500014
21932.306512500014
21932.306512500014
21932.306512500014
21272.872425000012
21272.872425000012
21272.872425000012
21272.872425000012
22591.740600000016
22591.740600000016
22591.740600000016
22591.740600000016
22554.361312500012
22554.361312500012
22554.361312500012
22554.361312500012
22554.361312500012
22554.361312500012
22554.361312500012
22554.361312500012
21872.41012500001
21872.41012500001
21872.41012500001
21872.41012500001
21194.320300000007
21194.320300000007
21194.320300000007
21194.320300000007
20738.111812500014
20738.111812500014
20738.111812500014
20738.111812500014
20738.111812500014
20738.111812500014
20738.111812500014
20738.111812500014
20738.111812500014
20738.111812500014
20738.111812500014
20738.111812500014
20738.111812500014
20738.111812500014
20738.111812500014
20738.111812500014
19469.038075000008
19469.038075000008
18067.126975000003
18067.126975000003
17920.447725000005
19615.717325000005
18768.082525000005
18768.082525000005
18614.79735000001
18614.79735000001
18614.79735000001
18614.79735000001
17678.370125
17678.370125
17678.370125
17678.370125
15637.488900000008
15637.488900000008
14879.843850000008
16395.133950000007
16399.101700000007
16399.101700000007
14875.876100000009
14875.876100000009
15182.089850000004
15182.089850000004
14013.544900000006
14013.544900000006
13034.415050000003
11431.874950000005
12233.145000000004
12233.145000000004
14330.686150000007
14330.686150000007
14330.686150000007
14330.686150000007
14330.686150000007
14330.686150000007
14330.686150000007
14330.686150000007
13686.000000000007
13686.000000000007
13686.000000000007
13686.000000000007
12889.944825000006
12889.944825000006
12889.944825000006
12889.944825000006
12841.297600000009
12841.297600000009
12841.297600000009
12841.297600000009
13738.74730000001
13738.74730000001
13738.74730000001
13738.74730000001
13997.35010000001
13997.35010000001
13997.35010000001
13997.35010000001
15175.812475000015
15175.812475000015
15175.812475000015
15175.812475000015
15232.631193750005
15232.631193750005
15232.631193750005
15232.631193750005
14487.466118750008
14487.466118750008
14487.466118750008
14487.466118750008
14860.048656250008
14860.048656250008
14860.048656250008
14860.048656250008
14860.048656250008
14860.048656250008
14860.048656250008
14860.048656250008
13930.275150000007
13930.275150000007
13930.275150000007
13930.275150000007
13199.557375000006
13199.557375000006
13199.557375000006
13199.557375000006
12869.391100000008
12869.391100000008
12869.391100000008
12869.391100000008
12869.391100000008
12869.391100000008
12869.391100000008
12869.391100000008
13532.712400000008
13532.712400000008
13532.712400000008
13532.712400000008
13532.712400000008
13532.712400000008
13532.712400000008
13532.712400000008
12944.696287500006
12944.696287500006
12944.696287500006
12944.696287500006
12944.696287500006
12944.696287500006
12944.696287500006
12944.696287500006
12083.181337500006
12083.181337500006
12083.181337500006
12083.181337500006
12083.181337500006
12083.181337500006
12083.181337500006
12083.181337500006
12674.298712500007
12674.298712500007
12674.298712500007
12674.298712500007
12674.298712500007
12674.298712500007
12674.298712500007
12674.298712500007
13720.030025000011
13720.030025000011
13720.030025000011
13720.030025000011
13720.030025000011
13720.030025000011
13720.030025000011
13720.030025000011
14952.590087500008
14952.590087500008
14952.590087500008
14952.590087500008
14952.590087500008
14952.590087500008
14952.590087500008
14952.590087500008
15301.65490000001
15301.65490000001
15301.65490000001
15301.65490000001
15301.65490000001
15301.65490000001
15301.65490000001
15301.65490000001
14756.030300000008
14756.030300000008
15951.02000000001
15951.02000000001
16968.102525000013
16968.102525000013
16968.102525000013
16968.102525000013
17084.54708750001
17084.54708750001
17084.54708750001
17084.54708750001
17084.54708750001
17084.54708750001
17084.54708750001
17084.54708750001
17093.847625000006
17093.847625000006
17093.847625000006
17093.847625000006
18333.48485
18333.48485
18333.48485
18333.48485
18567.12743750001
18567.12743750001
18567.12743750001
18567.12743750001
18567.12743750001
18567.12743750001
18567.12743750001
18567.12743750001
17992.09008750001
17992.09008750001
17992.09008750001
17992.09008750001
17992.09008750001
17992.09008750001
17992.09008750001
17992.09008750001
18112.018200000013
18112.018200000013
18112.018200000013
18112.018200000013
18112.018200000013
18112.018200000013
18112.018200000013
18112.018200000013
17757.367062500012
17757.367062500012
17757.367062500012
17757.367062500012
18466.669337500014
18466.669337500014
18466.669337500014
18466.669337500014
19517.492175000007
19517.492175000007
19517.492175000007
19517.492175000007
20248.611825000015
20248.611825000015
20248.611825000015
20248.611825000015
20638.74972500001
20638.74972500001
20638.74972500001
20638.74972500001
20638.74972500001
20638.74972500001
20638.74972500001
20638.74972500001
20347.21691875001
20347.21691875001
20347.21691875001
20347.21691875001
20347.21691875001
20347.21691875001
20347.21691875001
20347.21691875001
20347.21691875001
20347.21691875001
20347.21691875001
20347.21691875001
20347.21691875001
20347.21691875001
20347.21691875001
20347.21691875001
20057.902325000014
20057.902325000014
20057.902325000014
20057.902325000014
21037.957500000015
21037.957500000015
21037.957500000015
21037.957500000015
21420.369725000004
21420.369725000004
21420.369725000004
21420.369725000004
21420.369725000004
21420.369725000004
21420.369725000004
21420.369725000004
20781.00635000001
20781.00635000001
20781.00635000001
20781.00635000001
20781.00635000001
20781.00635000001
20781.00635000001
20781.00635000001
21602.01246250001
21602.01246250001
21602.01246250001
21602.01246250001
21602.01246250001
21602.01246250001
21602.01246250001
21602.01246250001
21932.021356250014
21932.021356250014
21932.021356250014
21932.021356250014
21932.021356250014
21932.021356250014
21932.021356250014
21932.021356250014
21932.021356250014
21932.021356250014
21932.021356250014
21932.021356250014
21932.021356250014
21932.021356250014
21932.021356250014
21932.021356250014
22671.98413750001
22671.98413750001
22671.98413750001
22671.98413750001
22671.98413750001
22671.98413750001
22671.98413750001
22671.98413750001
22171.93278750001
22171.93278750001
22171.93278750001
22171.93278750001
22171.93278750001
22171.93278750001
22171.93278750001
22171.93278750001
22108.39477500001
22108.39477500001
22108.39477500001
22108.39477500001
22108.39477500001
22108.39477500001
22108.39477500001
22108.39477500001
21354.38146250002
21354.38146250002
21354.38146250002
21354.38146250002
21354.38146250002
21354.38146250002
21354.38146250002
21354.38146250002
21901.89800000001
21901.89800000001
21901.89800000001
21901.89800000001
21901.89800000001
21901.89800000001
21901.89800000001
21901.89800000001
21901.89800000001
21901.89800000001
21901.89800000001
21901.89800000001
21901.89800000001
21901.89800000001
21901.89800000001
21901.89800000001
20644.25451875001
20644.25451875001
20644.25451875001
20644.25451875001
19931.05186875001
19931.05186875001
19931.05186875001
19931.05186875001
20287.65319375001
20287.65319375001
20287.65319375001
20287.65319375001
20287.65319375001
20287.65319375001
20287.65319375001
20287.65319375001
20580.392806250013
20580.392806250013
20580.392806250013
20580.392806250013
20580.392806250013
20580.392806250013
20580.392806250013
20580.392806250013
20580.392806250013
20580.392806250013
20580.392806250013
20580.392806250013
20580.392806250013
20580.392806250013
20580.392806250013
20580.392806250013
21150.957331250014
21150.957331250014
21150.957331250014
21150.957331250014
21150.957331250014
21150.957331250014
21150.957331250014
21150.957331250014
21150.957331250014
21150.957331250014
21150.957331250014
21150.957331250014
21150.957331250014
21150.957331250014
21150.957331250014
21150.957331250014
21749.552375000014
21749.552375000014
21749.552375000014
21749.552375000014
21749.552375000014
21749.552375000014
21749.552375000014
21749.552375000014
21749.552375000014
21749.552375000014
21749.552375000014
21749.552375000014
21749.552375000014
21749.552375000014
21749.552375000014
21749.552375000014
20766.757337500014
20766.757337500014
20766.757337500014
20766.757337500014
20766.757337500014
20766.757337500014
20766.757337500014
20766.757337500014
20116.744875000004
20116.744875000004
20116.744875000004
20116.744875000004
20116.744875000004
20116.744875000004
20116.744875000004
20116.744875000004
19537.05560625001
19537.05560625001
19537.05560625001
19537.05560625001
19537.05560625001
19537.05560625001
19537.05560625001
19537.05560625001
19537.05560625001
19537.05560625001
19537.05560625001
19537.05560625001
19537.05560625001
19537.05560625001
19537.05560625001
19537.05560625001
19991.277112500007
19991.277112500007
19991.277112500007
19991.277112500007
20678.711662500016
20678.711662500016
20678.711662500016
20678.711662500016
20334.99438750001
20334.99438750001
20334.99438750001
20334.99438750001
20334.99438750001
20334.99438750001
20334.99438750001
20334.99438750001
20462.728143750013
20462.728143750013
20462.728143750013
20462.728143750013
20462.728143750013
20462.728143750013
20462.728143750013
20462.728143750013
20462.728143750013
20462.728143750013
20462.728143750013
20462.728143750013
20462.728143750013
20462.728143750013
20462.728143750013
20462.728143750013
21304.139525000013
21304.139525000013
21304.139525000013
21304.139525000013
21304.139525000013
21304.139525000013
21304.139525000013
21304.139525000013
21304.139525000013
21304.139525000013
21304.139525000013
21304.139525000013
21304.139525000013
21304.139525000013
21304.139525000013
21304.139525000013
20898.935662500015
20898.935662500015
20898.935662500015
20898.935662500015
20898.935662500015
20898.935662500015
20898.935662500015
20898.935662500015
20898.935662500015
20898.935662500015
20898.935662500015
20898.935662500015
20898.935662500015
20898.935662500015
20898.935662500015
20898.935662500015
21846.24740000002
21846.24740000002
21846.24740000002
21846.24740000002
21846.24740000002
21846.24740000002
21846.24740000002
21846.24740000002
22430.658562500015
22430.658562500015
22430.658562500015
22430.658562500015
22430.658562500015
22430.658562500015
22430.658562500015
22430.658562500015
23424.138750000006
23424.138750000006
23424.138750000006
23424.138750000006
23424.138750000006
23424.138750000006
23424.138750000006
23424.138750000006
23424.138750000006
23424.138750000006
23424.138750000006
23424.138750000006
23424.138750000006
23424.138750000006
23424.138750000006
23424.138750000006
23513.117500000008
23513.117500000008
23513.117500000008
23513.117500000008
24643.635000000002
24643.635000000002
24643.635000000002
24643.635000000002
24490.887500000008
24490.887500000008
24490.887500000008
24490.887500000008
23665.86500000001
23665.86500000001
23665.86500000001
23665.86500000001
23186.246250000007
23186.246250000007
23186.246250000007
23186.246250000007
23186.246250000007
23186.246250000007
23186.246250000007
23186.246250000007
23186.246250000007
23186.246250000007
23186.246250000007
23186.246250000007
23186.246250000007
23186.246250000007
23186.246250000007
23186.246250000007
23043.327500000014
23043.327500000014
23043.327500000014
23043.327500000014
23043.327500000014
23043.327500000014
23043.327500000014
23043.327500000014
23043.327500000014
23043.327500000014
23043.327500000014
23043.327500000014
23043.327500000014
23043.327500000014
23043.327500000014
23043.327500000014
23952.05937500001
23952.05937500001
23952.05937500001
23952.05937500001
23952.05937500001
23952.05937500001
23952.05937500001
23952.05937500001
23952.05937500001
23952.05937500001
23952.05937500001
23952.05937500001
23952.05937500001
23952.05937500001
23952.05937500001
23952.05937500001
23296.678125000017
23296.678125000017
23296.678125000017
23296.678125000017
23296.678125000017
23296.678125000017
23296.678125000017
23296.678125000017
23296.678125000017
23296.678125000017
23296.678125000017
23296.678125000017
23296.678125000017
23296.678125000017
23296.678125000017
23296.678125000017
23203.71062500001
23203.71062500001
23203.71062500001
23203.71062500001
23203.71062500001
23203.71062500001
23203.71062500001
23203.71062500001
23203.71062500001
23203.71062500001
23203.71062500001
23203.71062500001
23203.71062500001
23203.71062500001
23203.71062500001
23203.71062500001
22761.915000000008
22761.915000000008
22761.915000000008
22761.915000000008
22761.915000000008
22761.915000000008
22761.915000000008
22761.915000000008
23460.302500000013
23460.302500000013
23460.302500000013
23460.302500000013
24278.37500000002
24278.37500000002
24278.37500000002
24278.37500000002
23841.16500000001
23841.16500000001
23841.16500000001
23841.16500000001
23841.16500000001
23841.16500000001
23841.16500000001
23841.16500000001
23841.16500000001
23841.16500000001
23841.16500000001
23841.16500000001
23841.16500000001
23841.16500000001
23841.16500000001
23841.16500000001
23047.803125000013
23047.803125000013
23047.803125000013
23047.803125000013
23047.803125000013
23047.803125000013
23047.803125000013
23047.803125000013
23047.803125000013
23047.803125000013
23047.803125000013
23047.803125000013
23047.803125000013
23047.803125000013
23047.803125000013
23047.803125000013
23378.490000000016
23378.490000000016
23378.490000000016
23378.490000000016
22640.12500000002
22640.12500000002
22640.12500000002
22640.12500000002
22038.286250000016
22038.286250000016
22038.286250000016
22038.286250000016
22038.286250000016
22038.286250000016
22038.286250000016
22038.286250000016
22221.209375000013
22221.209375000013
22221.209375000013
22221.209375000013
22221.209375000013
22221.209375000013
22221.209375000013
22221.209375000013
22560.68062500001
22560.68062500001
22560.68062500001
22560.68062500001
21881.738125000014
21881.738125000014
21881.738125000014
21881.738125000014
22059.998750000013
22059.998750000013
22059.998750000013
22059.998750000013
22059.998750000013
22059.998750000013
22059.998750000013
22059.998750000013
22657.705000000013
22657.705000000013
22657.705000000013
22657.705000000013
22072.480000000014
22072.480000000014
20852.105000000014
20852.105000000014
19796.29687500001
19796.29687500001
19796.29687500001
19796.29687500001
19796.29687500001
19796.29687500001
19796.29687500001
19796.29687500001
19796.29687500001
19796.29687500001
19796.29687500001
19796.29687500001
19796.29687500001
19796.29687500001
19796.29687500001
19796.29687500001
20060.930000000004
20060.930000000004
20060.930000000004
20060.930000000004
20060.930000000004
20060.930000000004
20060.930000000004
20060.930000000004
18922.7075
18922.7075
18922.7075
18922.7075
18922.7075
18922.7075
18922.7075
18922.7075
17804.560000000016
17804.560000000016
17804.560000000016
17804.560000000016
16959.277500000015
16959.277500000015
16959.277500000015
16959.277500000015
18262.396250000013
18262.396250000013
18262.396250000013
18262.396250000013
18262.396250000013
18262.396250000013
18262.396250000013
18262.396250000013
18272.46500000001
18272.46500000001
18272.46500000001
18272.46500000001
19435.670000000013
19435.670000000013
19435.670000000013
19435.670000000013
19678.077500000014
19678.077500000014
19678.077500000014
19678.077500000014
19678.077500000014
19678.077500000014
19678.077500000014
19678.077500000014
18931.64125000001
18931.64125000001
18931.64125000001
18931.64125000001
18931.64125000001
18931.64125000001
18931.64125000001
18931.64125000001
18128.27750000001
18128.27750000001
18128.27750000001
18128.27750000001
18128.27750000001
18128.27750000001
18128.27750000001
18128.27750000001
18889.97000000001
18889.97000000001
18889.97000000001
18889.97000000001
18889.97000000001
18889.97000000001
18889.97000000001
18889.97000000001
18280.115000000005
18280.115000000005
18280.115000000005
18280.115000000005
18280.115000000005
18280.115000000005
18280.115000000005
18280.115000000005
18653.48625000001
18653.48625000001
18653.48625000001
18653.48625000001
18653.48625000001
18653.48625000001
18653.48625000001
18653.48625000001
19340.730000000018
19340.730000000018
19340.730000000018
19340.730000000018
19340.730000000018
19340.730000000018
19340.730000000018
19340.730000000018
20428.98500000001
20428.98500000001
20428.98500000001
20428.98500000001
20428.98500000001
20428.98500000001
20428.98500000001
20428.98500000001
20923.99000000001
20923.99000000001
20923.99000000001
20923.99000000001
20923.99000000001
20923.99000000001
20923.99000000001
20923.99000000001
21314.156250000004
21314.156250000004
21314.156250000004
21314.156250000004
21314.156250000004
21314.156250000004
21314.156250000004
21314.156250000004
21314.156250000004
21314.156250000004
21314.156250000004
21314.156250000004
21314.156250000004
21314.156250000004
21314.156250000004
21314.156250000004
20983.489375000012
20983.489375000012
20983.489375000012
20983.489375000012
20983.489375000012
20983.489375000012
20983.489375000012
20983.489375000012
20983.489375000012
20983.489375000012
20983.489375000012
20983.489375000012
20983.489375000012
20983.489375000012
20983.489375000012
20983.489375000012
20634.274375000008
20634.274375000008
20634.274375000008
20634.274375000008
20634.274375000008
20634.274375000008
20634.274375000008
20634.274375000008
20634.274375000008
20634.274375000008
20634.274375000008
20634.274375000008
20634.274375000008
20634.274375000008
20634.274375000008
20634.274375000008
20854.038750000014
20854.038750000014
20854.038750000014
20854.038750000014
20854.038750000014
20854.038750000014
20854.038750000014
20854.038750000014
19955.315000000017
19955.315000000017
19955.315000000017
19955.315000000017
19083.732500000013
19083.732500000013
19083.732500000013
19083.732500000013
18681.978125000012
18681.978125000012
18681.978125000012
18681.978125000012
18681.978125000012
18681.978125000012
18681.978125000012
18681.978125000012
18681.978125000012
18681.978125000012
18681.978125000012
18681.978125000012
18681.978125000012
18681.978125000012
18681.978125000012
18681.978125000012
19279.360625000016
19279.360625000016
19279.360625000016
19279.360625000016
19279.360625000016
19279.360625000016
19279.360625000016
19279.360625000016
19279.360625000016
19279.360625000016
19279.360625000016
19279.360625000016
19279.360625000016
19279.360625000016
19279.360625000016
19279.360625000016
19261.303125000013
19261.303125000013
19261.303125000013
19261.303125000013
19261.303125000013
19261.303125000013
19261.303125000013
19261.303125000013
19261.303125000013
19261.303125000013
19261.303125000013
19261.303125000013
19261.303125000013
19261.303125000013
19261.303125000013
19261.303125000013
19981.873125000006
19981.873125000006
19981.873125000006
19981.873125000006
19981.873125000006
19981.873125000006
19981.873125000006
19981.873125000006
19981.873125000006
19981.873125000006
19981.873125000006
19981.873125000006
19981.873125000006
19981.873125000006
19981.873125000006
19981.873125000006
19704.081250000007
19704.081250000007
19704.081250000007
19704.081250000007
19704.081250000007
19704.081250000007
19704.081250000007
19704.081250000007
19704.081250000007
19704.081250000007
19704.081250000007
19704.081250000007
19704.081250000007
19704.081250000007
19704.081250000007
19704.081250000007
20657.06250000001
20657.06250000001
20657.06250000001
20657.06250000001
20657.06250000001
20657.06250000001
20657.06250000001
20657.06250000001
20657.06250000001
20657.06250000001
20657.06250000001
20657.06250000001
20657.06250000001
20657.06250000001
20657.06250000001
20657.06250000001
21073.610000000015
21073.610000000015
21073.610000000015
21073.610000000015
21073.610000000015
21073.610000000015
21073.610000000015
21073.610000000015
21603.403750000012
21603.403750000012
21603.403750000012
21603.403750000012
21603.403750000012
21603.403750000012
21603.403750000012
21603.403750000012
21822.123750000013
21822.123750000013
21822.123750000013
21822.123750000013
21822.123750000013
21822.123750000013
21822.123750000013
21822.123750000013
21292.947500000017
21292.947500000017
21292.947500000017
21292.947500000017
21292.947500000017
21292.947500000017
21292.947500000017
21292.947500000017
22053.411250000012
22053.411250000012
22053.411250000012
22053.411250000012
22053.411250000012
22053.411250000012
22053.411250000012
22053.411250000012
22053.411250000012
22053.411250000012
22053.411250000012
22053.411250000012
22053.411250000012
22053.411250000012
22053.411250000012
22053.411250000012
22570.59000000001
22570.59000000001
22570.59000000001
22570.59000000001
22570.59000000001
22570.59000000001
22570.59000000001
22570.59000000001
23128.073750000007
23128.073750000007
23128.073750000007
23128.073750000007
23128.073750000007
23128.073750000007
23128.073750000007
23128.073750000007
23540.915625000016
23540.915625000016
23540.915625000016
23540.915625000016
23540.915625000016
23540.915625000016
23540.915625000016
23540.915625000016
23540.915625000016
23540.915625000016
23540.915625000016
23540.915625000016
23540.915625000016
23540.915625000016
23540.915625000016
23540.915625000016
23156.339375000014
23156.339375000014
23156.339375000014
23156.339375000014
23156.339375000014
23156.339375000014
23156.339375000014
23156.339375000014
23156.339375000014
23156.339375000014
23156.339375000014
23156.339375000014
23156.339375000014
23156.339375000014
23156.339375000014
23156.339375000014
22621.120625000014
22621.120625000014
22621.120625000014
22621.120625000014
22621.120625000014
22621.120625000014
22621.120625000014
22621.120625000014
22621.120625000014
22621.120625000014
22621.120625000014
22621.120625000014
22621.120625000014
22621.120625000014
22621.120625000014
22621.120625000014
22043.864375000012
22043.864375000012
22043.864375000012
22043.864375000012
22043.864375000012
22043.864375000012
22043.864375000012
22043.864375000012
22043.864375000012
22043.864375000012
22043.864375000012
22043.864375000012
22043.864375000012
22043.864375000012
22043.864375000012
22043.864375000012
22136.23000000001
22136.23000000001
22136.23000000001
22136.23000000001
22136.23000000001
22136.23000000001
22136.23000000001
22136.23000000001
22979.312500000015
22979.312500000015
22979.312500000015
22979.312500000015
22979.312500000015
22979.312500000015
22979.312500000015
22979.312500000015
23104.646250000016
23104.646250000016
23104.646250000016
23104.646250000016
23104.646250000016
23104.646250000016
23104.646250000016
23104.646250000016
22528.51000000001
22528.51000000001
22528.51000000001
22528.51000000001
22528.51000000001
22528.51000000001
22528.51000000001
22528.51000000001
21441.84500000002
21441.84500000002
21441.84500000002
21441.84500000002
21441.84500000002
21441.84500000002
21441.84500000002
21441.84500000002
20413.410000000014
20413.410000000014
20413.410000000014
20413.410000000014
20413.410000000014
20413.410000000014
20413.410000000014
20413.410000000014
20637.79375000001
20637.79375000001
20637.79375000001
20637.79375000001
20637.79375000001
20637.79375000001
20637.79375000001
20637.79375000001
21353.308750000004
21353.308750000004
21353.308750000004
21353.308750000004
21353.308750000004
21353.308750000004
21353.308750000004
21353.308750000004
21983.26187500001
21983.26187500001
21983.26187500001
21983.26187500001
21983.26187500001
21983.26187500001
21983.26187500001
21983.26187500001
21983.26187500001
21983.26187500001
21983.26187500001
21983.26187500001
21983.26187500001
21983.26187500001
21983.26187500001
21983.26187500001
22087.66812500001
22087.66812500001
22087.66812500001
22087.66812500001
22087.66812500001
22087.66812500001
22087.66812500001
22087.66812500001
22087.66812500001
22087.66812500001
22087.66812500001
22087.66812500001
22087.66812500001
22087.66812500001
22087.66812500001
22087.66812500001
23072.48062500001
23072.48062500001
23072.48062500001
23072.48062500001
23072.48062500001
23072.48062500001
23072.48062500001
23072.48062500001
23072.48062500001
23072.48062500001
23072.48062500001
23072.48062500001
23072.48062500001
23072.48062500001
23072.48062500001
23072.48062500001
23142.721875000017
23142.721875000017
23142.721875000017
23142.721875000017
23142.721875000017
23142.721875000017
23142.721875000017
23142.721875000017
23142.721875000017
23142.721875000017
23142.721875000017
23142.721875000017
23142.721875000017
23142.721875000017
23142.721875000017
23142.721875000017
22944.935000000012
22944.935000000012
22944.935000000012
22944.935000000012
22944.935000000012
22944.935000000012
22944.935000000012
22944.935000000012
22944.935000000012
22944.935000000012
22944.935000000012
22944.935000000012
22944.935000000012
22944.935000000012
22944.935000000012
22944.935000000012
23755.145000000008
23755.145000000008
23755.145000000008
23755.145000000008
23755.145000000008
23755.145000000008
23755.145000000008
23755.145000000008
23755.145000000008
23755.145000000008
23755.145000000008
23755.145000000008
23755.145000000008
23755.145000000008
23755.145000000008
23755.145000000008
23164.255625000013
23164.255625000013
23164.255625000013
23164.255625000013
23164.255625000013
23164.255625000013
23164.255625000013
23164.255625000013
23164.255625000013
23164.255625000013
23164.255625000013
23164.255625000013
23164.255625000013
23164.255625000013
23164.255625000013
23164.255625000013
22808.33000000001
22808.33000000001
22808.33000000001
22808.33000000001
22808.33000000001
22808.33000000001
22808.33000000001
22808.33000000001
22808.33000000001
22808.33000000001
22808.33000000001
22808.33000000001
22808.33000000001
22808.33000000001
22808.33000000001
22808.33000000001
21680.507500000014
21680.507500000014
21680.507500000014
21680.507500000014
21680.507500000014
21680.507500000014
21680.507500000014
21680.507500000014
22361.87125000001
22361.87125000001
22361.87125000001
22361.87125000001
22361.87125000001
22361.87125000001
22361.87125000001
22361.87125000001
22388.13625000001
22388.13625000001
22388.13625000001
22388.13625000001
22388.13625000001
22388.13625000001
22388.13625000001
22388.13625000001
22730.76625000001
22730.76625000001
22730.76625000001
22730.76625000001
22045.50625000001
22045.50625000001
22045.50625000001
22045.50625000001
21588.94000000001
21588.94000000001
21588.94000000001
21588.94000000001
21588.94000000001
21588.94000000001
21588.94000000001
21588.94000000001
22309.478750000013
22309.478750000013
22309.478750000013
22309.478750000013
22309.478750000013
22309.478750000013
22309.478750000013
22309.478750000013
22612.797500000015
22612.797500000015
22612.797500000015
22612.797500000015
22612.797500000015
22612.797500000015
22612.797500000015
22612.797500000015
22612.797500000015
22612.797500000015
22612.797500000015
22612.797500000015
22612.797500000015
22612.797500000015
22612.797500000015
22612.797500000015
22168.790000000015
22168.790000000015
22168.790000000015
22168.790000000015
22168.790000000015
22168.790000000015
22168.790000000015
22168.790000000015
22864.463750000014
22864.463750000014
22864.463750000014
22864.463750000014
22864.463750000014
22864.463750000014
22864.463750000014
22864.463750000014
23169.601875000015
23169.601875000015
23169.601875000015
23169.601875000015
23169.601875000015
23169.601875000015
23169.601875000015
23169.601875000015
23169.601875000015
23169.601875000015
23169.601875000015
23169.601875000015
23169.601875000015
23169.601875000015
23169.601875000015
23169.601875000015
23253.82375000001
23253.82375000001
23253.82375000001
23253.82375000001
23253.82375000001
23253.82375000001
23253.82375000001
23253.82375000001
23253.82375000001
23253.82375000001
23253.82375000001
23253.82375000001
23253.82375000001
23253.82375000001
23253.82375000001
23253.82375000001
23655.190000000006
23655.190000000006
23655.190000000006
23655.190000000006
23655.190000000006
23655.190000000006
23655.190000000006
23655.190000000006
24569.375000000007
24569.375000000007
24569.375000000007
24569.375000000007
24569.375000000007
24569.375000000007
24569.375000000007
24569.375000000007
24861.864375000016
24861.864375000016
24861.864375000016
24861.864375000016
24861.864375000016
24861.864375000016
24861.864375000016
24861.864375000016
24861.864375000016
24861.864375000016
24861.864375000016
24861.864375000016
24861.864375000016
24861.864375000016
24861.864375000016
24861.864375000016
25003.830000000013
25003.830000000013
25003.830000000013
25003.830000000013
25003.830000000013
25003.830000000013
25003.830000000013
25003.830000000013
24413.451250000013
24413.451250000013
24413.451250000013
24413.451250000013
24413.451250000013
24413.451250000013
24413.451250000013
24413.451250000013
23396.42625000002
23396.42625000002
23396.42625000002
23396.42625000002
23396.42625000002
23396.42625000002
23396.42625000002
23396.42625000002
23396.42625000002
23396.42625000002
23396.42625000002
23396.42625000002
23396.42625000002
23396.42625000002
23396.42625000002
23396.42625000002
23158.19625000001
23158.19625000001
23158.19625000001
23158.19625000001
23158.19625000001
23158.19625000001
23158.19625000001
23158.19625000001
23768.36125000001
23768.36125000001
23768.36125000001
23768.36125000001
23768.36125000001
23768.36125000001
23768.36125000001
23768.36125000001
23779.737500000014
23779.737500000014
23779.737500000014
23779.737500000014
23779.737500000014
23779.737500000014
23779.737500000014
23779.737500000014
23779.737500000014
23779.737500000014
23779.737500000014
23779.737500000014
23779.737500000014
23779.737500000014
23779.737500000014
23779.737500000014
23667.948750000014
23667.948750000014
23667.948750000014
23667.948750000014
23667.948750000014
23667.948750000014
23667.948750000014
23667.948750000014
23025.41750000001
23025.41750000001
23025.41750000001
23025.41750000001
23025.41750000001
23025.41750000001
23025.41750000001
23025.41750000001
23804.568750000006
23804.568750000006
23804.568750000006
23804.568750000006
23804.568750000006
23804.568750000006
23804.568750000006
23804.568750000006
23804.568750000006
23804.568750000006
23804.568750000006
23804.568750000006
23804.568750000006
23804.568750000006
23804.568750000006
23804.568750000006
24190.82500000001
24190.82500000001
24190.82500000001
24190.82500000001
24906.970000000016
24906.970000000016
24906.970000000016
24906.970000000016
24548.897500000017
24548.897500000017
24548.897500000017
24548.897500000017
24548.897500000017
24548.897500000017
24548.897500000017
24548.897500000017
24664.400000000016
24664.400000000016
24664.400000000016
24664.400000000016
24664.400000000016
24664.400000000016
24664.400000000016
24664.400000000016
24664.400000000016
24664.400000000016
24664.400000000016
24664.400000000016
24664.400000000016
24664.400000000016
24664.400000000016
24664.400000000016
23921.77625000001
23921.77625000001
23921.77625000001
23921.77625000001
23921.77625000001
23921.77625000001
23921.77625000001
23921.77625000001
24421.228750000024
24421.228750000024
24421.228750000024
24421.228750000024
24421.228750000024
24421.228750000024
24421.228750000024
24421.228750000024
25028.60000000002
25028.60000000002
25028.60000000002
25028.60000000002
26590.625000000022
26590.625000000022
27644.365000000016
27644.365000000016
27660.01375000002
27660.01375000002
27660.01375000002
27660.01375000002
27660.01375000002
27660.01375000002
27660.01375000002
27660.01375000002
28123.86625000001
28123.86625000001
28123.86625000001
28123.86625000001
28123.86625000001
28123.86625000001
28123.86625000001
28123.86625000001
27492.756250000013
27492.756250000013
27492.756250000013
27492.756250000013
27492.756250000013
27492.756250000013
27492.756250000013
27492.756250000013
27533.221875000003
27533.221875000003
27533.221875000003
27533.221875000003
27533.221875000003
27533.221875000003
27533.221875000003
27533.221875000003
27533.221875000003
27533.221875000003
27533.221875000003
27533.221875000003
27533.221875000003
27533.221875000003
27533.221875000003
27533.221875000003
26751.13875000001
26751.13875000001
26751.13875000001
26751.13875000001
26751.13875000001
26751.13875000001
26751.13875000001
26751.13875000001
27249.21500000001
27249.21500000001
27249.21500000001
27249.21500000001
26253.062500000015
26253.062500000015
26253.062500000015
26253.062500000015
25582.06812500001
25582.06812500001
24430.948125000006
24430.948125000006
25006.508125000008
25006.508125000008
25006.508125000008
25006.508125000008
25006.508125000008
25006.508125000008
25006.508125000008
25006.508125000008
25006.508125000008
25006.508125000008
25006.508125000008
25006.508125000008
24296.993750000016
24296.993750000016
24296.993750000016
24296.993750000016
24296.993750000016
24296.993750000016
24296.993750000016
24296.993750000016
24296.993750000016
24296.993750000016
24296.993750000016
24296.993750000016
24296.993750000016
24296.993750000016
24296.993750000016
24296.993750000016
22962.66000000001
22962.66000000001
21830.595000000012
21830.595000000012
21484.07000000001
21484.07000000001
21484.07000000001
21484.07000000001
21270.991250000014
21270.991250000014
21270.991250000014
21270.991250000014
21270.991250000014
21270.991250000014
21270.991250000014
21270.991250000014
21499.84062500001
21499.84062500001
21499.84062500001
21499.84062500001
21499.84062500001
21499.84062500001
21499.84062500001
21499.84062500001
21499.84062500001
21499.84062500001
21499.84062500001
21499.84062500001
21499.84062500001
21499.84062500001
21499.84062500001
21499.84062500001
22822.12125000001
22822.12125000001
22822.12125000001
22822.12125000001
22822.12125000001
22822.12125000001
22822.12125000001
22822.12125000001
22822.12125000001
22822.12125000001
22822.12125000001
22822.12125000001
22822.12125000001
22822.12125000001
22822.12125000001
22822.12125000001
22564.651250000017
22564.651250000017
22564.651250000017
22564.651250000017
22564.651250000017
22564.651250000017
22564.651250000017
22564.651250000017
22564.651250000017
22564.651250000017
22564.651250000017
22564.651250000017
22564.651250000017
22564.651250000017
22564.651250000017
22564.651250000017
22395.78125000001
22395.78125000001
22395.78125000001
22395.78125000001
22395.78125000001
22395.78125000001
22395.78125000001
22395.78125000001
21880.440000000017
21880.440000000017
21880.440000000017
21880.440000000017
21880.440000000017
21880.440000000017
21880.440000000017
21880.440000000017
21621.837500000012
21621.837500000012
21621.837500000012
21621.837500000012
21621.837500000012
21621.837500000012
21621.837500000012
21621.837500000012
22107.56250000001
22107.56250000001
22107.56250000001
22107.56250000001
21136.112500000014
21136.112500000014
21136.112500000014
21136.112500000014
19775.036250000012
19775.036250000012
19775.036250000012
19775.036250000012
19775.036250000012
19775.036250000012
19775.036250000012
19775.036250000012
19080.161250000005
19080.161250000005
19080.161250000005
19080.161250000005
19080.161250000005
19080.161250000005
19080.161250000005
19080.161250000005
19121.50062500001
19121.50062500001
19121.50062500001
19121.50062500001
19121.50062500001
19121.50062500001
19121.50062500001
19121.50062500001
19121.50062500001
19121.50062500001
19121.50062500001
19121.50062500001
19121.50062500001
19121.50062500001
19121.50062500001
19121.50062500001
19772.098750000012
19772.098750000012
19772.098750000012
19772.098750000012
19772.098750000012
19772.098750000012
19772.098750000012
19772.098750000012
20292.19125000001
20292.19125000001
20292.19125000001
20292.19125000001
20292.19125000001
20292.19125000001
20292.19125000001
20292.19125000001
20576.183750000015
20576.183750000015
20576.183750000015
20576.183750000015
20576.183750000015
20576.183750000015
20576.183750000015
20576.183750000015
20576.183750000015
20576.183750000015
20576.183750000015
20576.183750000015
20576.183750000015
20576.183750000015
20576.183750000015
20576.183750000015
21368.936250000006
21368.936250000006
21368.936250000006
21368.936250000006
21368.936250000006
21368.936250000006
21368.936250000006
21368.936250000006
21123.405000000006
21123.405000000006
21123.405000000006
21123.405000000006
20310.58250000001
20310.58250000001
20310.58250000001
20310.58250000001
20108.392500000013
20108.392500000013
20108.392500000013
20108.392500000013
20108.392500000013
20108.392500000013
20108.392500000013
20108.392500000013
20108.392500000013
20108.392500000013
20108.392500000013
20108.392500000013
20108.392500000013
20108.392500000013
20108.392500000013
20108.392500000013
20972.42625000001
20972.42625000001
20972.42625000001
20972.42625000001
20972.42625000001
20972.42625000001
20972.42625000001
20972.42625000001
20488.193750000006
20488.193750000006
20488.193750000006
20488.193750000006
20488.193750000006
20488.193750000006
20488.193750000006
20488.193750000006
20524.32375000001
20524.32375000001
20524.32375000001
20524.32375000001
20524.32375000001
20524.32375000001
20524.32375000001
20524.32375000001
20844.082500000015
20844.082500000015
20844.082500000015
20844.082500000015
21586.465000000015
21586.465000000015
21586.465000000015
21586.465000000015
22076.730625000015
22076.730625000015
22076.730625000015
22076.730625000015
22076.730625000015
22076.730625000015
22076.730625000015
22076.730625000015
22076.730625000015
22076.730625000015
22076.730625000015
22076.730625000015
22076.730625000015
22076.730625000015
22076.730625000015
22076.730625000015
22904.359375000015
22904.359375000015
22904.359375000015
22904.359375000015
22904.359375000015
22904.359375000015
22904.359375000015
22904.359375000015
22904.359375000015
22904.359375000015
22904.359375000015
22904.359375000015
22904.359375000015
22904.359375000015
22904.359375000015
22904.359375000015
23563.298750000013
23563.298750000013
23563.298750000013
23563.298750000013
23563.298750000013
23563.298750000013
23563.298750000013
23563.298750000013
23563.298750000013
23563.298750000013
23563.298750000013
23563.298750000013
23563.298750000013
23563.298750000013
23563.298750000013
23563.298750000013
23557.042500000014
23557.042500000014
23557.042500000014
23557.042500000014
