21450.117650000004
21450.117650000004
21450.117650000004
21450.117650000004
21956.65037500001
21956.65037500001
21956.65037500001
21956.65037500001
21501.794925000006
21501.794925000006
21501.794925000006
21501.794925000006
22820.663100000005
22820.663100000005
22820.663100000005
22820.663100000005
22594.130350000007
22594.130350000007
22594.130350000007
22594.130350000007
22514.592275000006
22514.592275000006
22514.592275000006
22514.592275000006
21872.410125000002
21872.410125000002
21872.410125000002
21872.410125000002
21194.320300000003
21194.320300000003
21194.320300000003
21194.320300000003
20728.119625000007
20728.119625000007
20728.119625000007
20728.119625000007
21188.890150000007
21188.890150000007
21188.890150000007
21188.890150000007
20730.828100000006
20730.828100000006
20730.828100000006
20730.828100000006
20304.609375000007
20304.609375000007
20304.609375000007
20304.609375000007
19370.81055000001
19370.81055000001
17968.899450000004
17968.899450000004
18018.67525
19713.94485
18866.31005
18866.31005
18614.797350000004
18614.797350000004
18614.797350000004
18614.797350000004
17678.370125
17678.370125
17678.370125
17678.370125
15621.000250000003
15621.000250000003
14863.355200000004
16378.645300000002
16415.590350000002
16415.590350000002
14892.364750000004
14892.364750000004
15182.089850000004
15182.089850000004
14013.544900000006
14013.544900000006
13034.415050000003
11431.874950000005
12233.145000000004
12233.145000000004
14256.807350000006
14256.807350000006
14256.807350000006
14256.807350000006
14404.564950000005
14404.564950000005
14404.564950000005
14404.564950000005
13686.000000000004
13686.000000000004
13686.000000000004
13686.000000000004
12889.944825000004
12889.944825000004
12889.944825000004
12889.944825000004
12841.297600000005
12841.297600000005
12841.297600000005
12841.297600000005
13738.747300000006
13738.747300000006
13738.747300000006
13738.747300000006
13997.350100000005
13997.350100000005
13997.350100000005
13997.350100000005
15175.812475000006
15175.812475000006
15175.812475000006
15175.812475000006
15283.872325
15283.872325
15283.872325
15283.872325
14538.707250000005
14538.707250000005
14538.707250000005
14538.707250000005
14498.567650000003
14498.567650000003
14498.567650000003
14498.567650000003
15119.047400000003
15119.047400000003
15119.047400000003
15119.047400000003
13930.275150000003
13930.275150000003
13930.275150000003
13930.275150000003
13199.557375
13199.557375
13199.557375
13199.557375
12743.662350000004
12743.662350000004
12743.662350000004
12743.662350000004
12995.119850000003
12995.119850000003
12995.119850000003
12995.119850000003
13620.909900000004
13620.909900000004
13620.909900000004
13620.909900000004
13444.514900000004
13444.514900000004
13444.514900000004
13444.514900000004
12920.982675000003
12920.982675000003
12920.982675000003
12920.982675000003
12968.409900000002
12968.409900000002
12968.409900000002
12968.409900000002
12373.515150000003
12373.515150000003
12373.515150000003
12373.515150000003
11792.847525000003
11792.847525000003
11792.847525000003
11792.847525000003
12358.675075000003
12358.675075000003
12358.675075000003
12358.675075000003
12989.922350000004
12989.922350000004
12989.922350000004
12989.922350000004
13772.212650000003
13772.212650000003
13772.212650000003
13772.212650000003
13667.847400000004
13667.847400000004
13667.847400000004
13667.847400000004
14748.667450000003
14748.667450000003
14748.667450000003
14748.667450000003
15156.512725000004
15156.512725000004
15156.512725000004
15156.512725000004
15555.264875000006
15555.264875000006
15555.264875000006
15555.264875000006
15048.044925000002
15048.044925000002
15048.044925000002
15048.044925000002
14756.030300000002
14756.030300000002
15951.020000000004
15951.020000000004
16968.102525000006
16968.102525000006
16968.102525000006
16968.102525000006
16960.724600000005
16960.724600000005
16960.724600000005
16960.724600000005
17208.369575000004
17208.369575000004
17208.369575000004
17208.369575000004
17093.847625000006
17093.847625000006
17093.847625000006
17093.847625000006
18333.48485
18333.48485
18333.48485
18333.48485
18503.040025000006
18503.040025000006
18503.040025000006
18503.040025000006
18631.214850000008
18631.214850000008
18631.214850000008
18631.214850000008
18131.430175000005
18131.430175000005
18131.430175000005
18131.430175000005
17852.75
17852.75
17852.75
17852.75
18445.632350000003
18445.632350000003
18445.632350000003
18445.632350000003
18055.78272500001
18055.78272500001
18055.78272500001
18055.78272500001
17618.677725000005
17618.677725000005
17618.677725000005
17618.677725000005
18327.980000000007
18327.980000000007
18327.980000000007
18327.980000000007
19517.492175000007
19517.492175000007
19517.492175000007
19517.492175000007
20248.61182500001
20248.61182500001
20248.61182500001
20248.61182500001
20602.77492500001
20602.77492500001
20602.77492500001
20602.77492500001
20674.724525
20674.724525
20674.724525
20674.724525
20816.020500000006
20816.020500000006
20816.020500000006
20816.020500000006
20181.75245000001
20181.75245000001
20181.75245000001
20181.75245000001
20406.629875000006
20406.629875000006
20406.629875000006
20406.629875000006
19984.464850000008
19984.464850000008
19984.464850000008
19984.464850000008
20057.902325000006
20057.902325000006
20057.902325000006
20057.902325000006
21037.957500000008
21037.957500000008
21037.957500000008
21037.957500000008
21242.499725000005
21242.499725000005
21242.499725000005
21242.499725000005
21598.239725000007
21598.239725000007
21598.239725000007
21598.239725000007
20919.177750000006
20919.177750000006
20919.177750000006
20919.177750000006
20642.834950000004
20642.834950000004
20642.834950000004
20642.834950000004
21383.319825000006
21383.319825000006
21383.319825000006
21383.319825000006
21820.705100000003
21820.705100000003
21820.705100000003
21820.705100000003
22278.512675000005
22278.512675000005
22278.512675000005
22278.512675000005
21946.472650000007
21946.472650000007
21946.472650000007
21946.472650000007
21556.972150000005
21556.972150000005
21556.972150000005
21556.972150000005
21946.127950000006
21946.127950000006
21946.127950000006
21946.127950000006
22630.59815000001
22630.59815000001
22630.59815000001
22630.59815000001
22713.370125000005
22713.370125000005
22713.370125000005
22713.370125000005
22504.185400000006
22504.185400000006
22504.185400000006
22504.185400000006
21839.680175000005
21839.680175000005
21839.680175000005
21839.680175000005
22359.374975000006
22359.374975000006
22359.374975000006
22359.374975000006
21857.414575000006
21857.414575000006
21857.414575000006
21857.414575000006
21487.292975000008
21487.292975000008
21487.292975000008
21487.292975000008
21221.46995000001
21221.46995000001
21221.46995000001
21221.46995000001
21587.194825000006
21587.194825000006
21587.194825000006
21587.194825000006
22197.244625000007
22197.244625000007
22197.244625000007
22197.244625000007
22195.877425000006
22195.877425000006
22195.877425000006
22195.877425000006
21627.27512500001
21627.27512500001
21627.27512500001
21627.27512500001
20868.392575000005
20868.392575000005
20868.392575000005
20868.392575000005
20155.189925000006
20155.189925000006
20155.189925000006
20155.189925000006
20394.912600000007
20394.912600000007
20394.912600000007
20394.912600000007
19732.117675000005
19732.117675000005
19732.117675000005
19732.117675000005
20378.884800000003
20378.884800000003
20378.884800000003
20378.884800000003
20340.50730000001
20340.50730000001
20340.50730000001
20340.50730000001
20742.827075000005
20742.827075000005
20742.827075000005
20742.827075000005
20859.352050000005
20859.352050000005
20859.352050000005
20859.352050000005
21213.44482500001
21213.44482500001
21213.44482500001
21213.44482500001
21204.297350000008
21204.297350000008
21204.297350000008
21204.297350000008
21075.117175000007
21075.117175000007
21075.117175000007
21075.117175000007
21110.969975000007
21110.969975000007
21110.969975000007
21110.969975000007
21643.039550000005
21643.039550000005
21643.039550000005
21643.039550000005
22142.907250000007
22142.907250000007
22142.907250000007
22142.907250000007
21762.90772500001
21762.90772500001
21762.90772500001
21762.90772500001
21449.354975000006
21449.354975000006
21449.354975000006
21449.354975000006
21024.674800000004
21024.674800000004
21024.674800000004
21024.674800000004
20508.83987500001
20508.83987500001
20508.83987500001
20508.83987500001
20176.482425000006
20176.482425000006
20176.482425000006
20176.482425000006
20057.007325000006
20057.007325000006
20057.007325000006
20057.007325000006
19444.517600000006
19444.517600000006
19444.517600000006
19444.517600000006
19539.929450000007
19539.929450000007
19539.929450000007
19539.929450000007
19633.882800000003
19633.882800000003
19633.882800000003
19633.882800000003
19529.89257500001
19529.89257500001
19529.89257500001
19529.89257500001
20031.210475
20031.210475
20031.210475
20031.210475
20718.64502500001
20718.64502500001
20718.64502500001
20718.64502500001
20599.964850000004
20599.964850000004
20599.964850000004
20599.964850000004
19990.157200000005
19990.157200000005
19990.157200000005
19990.157200000005
20188.430175000005
20188.430175000005
20188.430175000005
20188.430175000005
20374.412575000006
20374.412575000006
20374.412575000006
20374.412575000006
20358.117175000007
20358.117175000007
20358.117175000007
20358.117175000007
20929.952650000007
20929.952650000007
20929.952650000007
20929.952650000007
21248.52002500001
21248.52002500001
21248.52002500001
21248.52002500001
21645.49805000001
21645.49805000001
21645.49805000001
21645.49805000001
21236.354975000006
21236.354975000006
21236.354975000006
21236.354975000006
21086.185050000007
21086.185050000007
21086.185050000007
21086.185050000007
20791.130375000008
20791.130375000008
20791.130375000008
20791.130375000008
20620.780250000007
20620.780250000007
20620.780250000007
20620.780250000007
20955.004875000006
20955.004875000006
20955.004875000006
20955.004875000006
21228.827150000005
21228.827150000005
21228.827150000005
21228.827150000005
21692.86982500001
21692.86982500001
21692.86982500001
21692.86982500001
21999.62497500001
21999.62497500001
21999.62497500001
21999.62497500001
22237.22215000001
22237.22215000001
22237.22215000001
22237.22215000001
22624.094975000004
22624.094975000004
22624.094975000004
22624.094975000004
23039.377500000006
23039.377500000006
23039.377500000006
23039.377500000006
23634.217500000013
23634.217500000013
23634.217500000013
23634.217500000013
23621.812500000007
23621.812500000007
23621.812500000007
23621.812500000007
23401.14750000001
23401.14750000001
23401.14750000001
23401.14750000001
23641.337500000005
23641.337500000005
23641.337500000005
23641.337500000005
24771.855
24771.855
24771.855
24771.855
24362.667500000003
24362.667500000003
24362.667500000003
24362.667500000003
23537.645000000008
23537.645000000008
23537.645000000008
23537.645000000008
23124.675000000007
23124.675000000007
23124.675000000007
23124.675000000007
23075.315000000006
23075.315000000006
23075.315000000006
23075.315000000006
23358.785000000007
23358.785000000007
23358.785000000007
23358.785000000007
23186.210000000006
23186.210000000006
23186.210000000006
23186.210000000006
22947.542500000007
22947.542500000007
22947.542500000007
22947.542500000007
22895.275000000005
22895.275000000005
22895.275000000005
22895.275000000005
22856.042500000007
22856.042500000007
22856.042500000007
22856.042500000007
23474.450000000008
23474.450000000008
23474.450000000008
23474.450000000008
23690.132500000007
23690.132500000007
23690.132500000007
23690.132500000007
24201.197500000006
24201.197500000006
24201.197500000006
24201.197500000006
24113.540000000005
24113.540000000005
24113.540000000005
24113.540000000005
23803.367500000004
23803.367500000004
23803.367500000004
23803.367500000004
23614.0675
23614.0675
23614.0675
23614.0675
23227.635000000006
23227.635000000006
23227.635000000006
23227.635000000006
23001.682500000006
23001.682500000006
23001.682500000006
23001.682500000006
23343.327500000007
23343.327500000007
23343.327500000007
23343.327500000007
22964.582500000008
22964.582500000008
22964.582500000008
22964.582500000008
23244.090000000007
23244.090000000007
23244.090000000007
23244.090000000007
23612.472500000003
23612.472500000003
23612.472500000003
23612.472500000003
22993.697500000006
22993.697500000006
22993.697500000006
22993.697500000006
22531.945000000007
22531.945000000007
22531.945000000007
22531.945000000007
22991.885000000006
22991.885000000006
22991.885000000006
22991.885000000006
23460.30250000001
23460.30250000001
23460.30250000001
23460.30250000001
24278.375000000007
24278.375000000007
24278.375000000007
24278.375000000007
24107.117500000008
24107.117500000008
24107.117500000008
24107.117500000008
23813.775
23813.775
23813.775
23813.775
23961.04000000001
23961.04000000001
23961.04000000001
23961.04000000001
23482.72750000001
23482.72750000001
23482.72750000001
23482.72750000001
23215.175000000007
23215.175000000007
23215.175000000007
23215.175000000007
23037.28000000001
23037.28000000001
23037.28000000001
23037.28000000001
22951.142500000005
22951.142500000005
22951.142500000005
22951.142500000005
22987.61500000001
22987.61500000001
22987.61500000001
22987.61500000001
23378.490000000005
23378.490000000005
23378.490000000005
23378.490000000005
22640.12500000001
22640.12500000001
22640.12500000001
22640.12500000001
22325.240000000005
22325.240000000005
22325.240000000005
22325.240000000005
21751.332500000008
21751.332500000008
21751.332500000008
21751.332500000008
22008.660000000007
22008.660000000007
22008.660000000007
22008.660000000007
22494.425000000007
22494.425000000007
22494.425000000007
22494.425000000007
22530.347500000007
22530.347500000007
22530.347500000007
22530.347500000007
21851.40500000001
21851.40500000001
21851.40500000001
21851.40500000001
21924.532500000005
21924.532500000005
21924.532500000005
21924.532500000005
22462.965000000007
22462.965000000007
22462.965000000007
22462.965000000007
22523.955000000005
22523.955000000005
22523.955000000005
22523.955000000005
21938.730000000003
21938.730000000003
20718.355000000007
20718.355000000007
19582.38
19582.38
19582.38
19582.38
20194.370000000006
20194.370000000006
20194.370000000006
20194.370000000006
19557.277500000004
19557.277500000004
19557.277500000004
19557.277500000004
19851.160000000003
19851.160000000003
19851.160000000003
19851.160000000003
20237.37250000001
20237.37250000001
20237.37250000001
20237.37250000001
19884.487500000007
19884.487500000007
19884.487500000007
19884.487500000007
19178.197500000006
19178.197500000006
19178.197500000006
19178.197500000006
18667.217500000002
18667.217500000002
18667.217500000002
18667.217500000002
17804.56000000001
17804.56000000001
17804.56000000001
17804.56000000001
16959.277500000007
16959.277500000007
16959.277500000007
16959.277500000007
17972.280000000006
17972.280000000006
17972.280000000006
17972.280000000006
18552.512500000008
18552.512500000008
18552.512500000008
18552.512500000008
18272.465000000007
18272.465000000007
18272.465000000007
18272.465000000007
19435.67000000001
19435.67000000001
19435.67000000001
19435.67000000001
19552.760000000006
19552.760000000006
19552.760000000006
19552.760000000006
19803.395000000008
19803.395000000008
19803.395000000008
19803.395000000008
19239.420000000006
19239.420000000006
19239.420000000006
19239.420000000006
18623.862500000007
18623.862500000007
18623.862500000007
18623.862500000007
17935.15
17935.15
17935.15
17935.15
18321.405000000006
18321.405000000006
18321.405000000006
18321.405000000006
19100.722500000007
19100.722500000007
19100.722500000007
19100.722500000007
18679.2175
18679.2175
18679.2175
18679.2175
18184.217500000006
18184.217500000006
18184.217500000006
18184.217500000006
18376.012500000008
18376.012500000008
18376.012500000008
18376.012500000008
18557.097500000003
18557.097500000003
18557.097500000003
18557.097500000003
18749.875000000007
18749.875000000007
18749.875000000007
18749.875000000007
19114.00500000001
19114.00500000001
19114.00500000001
19114.00500000001
19567.455
19567.455
19567.455
19567.455
20302.897500000003
20302.897500000003
20302.897500000003
20302.897500000003
20555.072500000006
20555.072500000006
20555.072500000006
20555.072500000006
20859.400000000005
20859.400000000005
20859.400000000005
20859.400000000005
20988.580000000005
20988.580000000005
20988.580000000005
20988.580000000005
21418.102500000008
21418.102500000008
21418.102500000008
21418.102500000008
21388.747500000005
21388.747500000005
21388.747500000005
21388.747500000005
21549.757500000003
21549.757500000003
21549.757500000003
21549.757500000003
20900.017500000005
20900.017500000005
20900.017500000005
20900.017500000005
21216.94250000001
21216.94250000001
21216.94250000001
21216.94250000001
21168.727500000005
21168.727500000005
21168.727500000005
21168.727500000005
20773.96250000001
20773.96250000001
20773.96250000001
20773.96250000001
20774.325000000008
20774.325000000008
20774.325000000008
20774.325000000008
20565.620000000006
20565.620000000006
20565.620000000006
20565.620000000006
20444.917500000007
20444.917500000007
20444.917500000007
20444.917500000007
20837.172500000004
20837.172500000004
20837.172500000004
20837.172500000004
20689.387500000008
20689.387500000008
20689.387500000008
20689.387500000008
21098.56750000001
21098.56750000001
21098.56750000001
21098.56750000001
20609.510000000006
20609.510000000006
20609.510000000006
20609.510000000006
19955.315000000006
19955.315000000006
19955.315000000006
19955.315000000006
19083.732500000002
19083.732500000002
19083.732500000002
19083.732500000002
18801.287500000002
18801.287500000002
18801.287500000002
18801.287500000002
18794.047500000004
18794.047500000004
18794.047500000004
18794.047500000004
18380.872500000005
18380.872500000005
18380.872500000005
18380.872500000005
18751.70500000001
18751.70500000001
18751.70500000001
18751.70500000001
19124.167500000007
19124.167500000007
19124.167500000007
19124.167500000007
19298.930000000004
19298.930000000004
19298.930000000004
19298.930000000004
19020.377500000006
19020.377500000006
19020.377500000006
19020.377500000006
19673.96750000001
19673.96750000001
19673.96750000001
19673.96750000001
19511.240000000005
19511.240000000005
19511.240000000005
19511.240000000005
19173.602500000008
19173.602500000008
19173.602500000008
19173.602500000008
19373.300000000007
19373.300000000007
19373.300000000007
19373.300000000007
18987.070000000007
18987.070000000007
18987.070000000007
18987.070000000007
19723.197500000006
19723.197500000006
19723.197500000006
19723.197500000006
19950.742500000008
19950.742500000008
19950.742500000008
19950.742500000008
20194.6575
20194.6575
20194.6575
20194.6575
20058.895000000008
20058.895000000008
20058.895000000008
20058.895000000008
20000.035000000007
20000.035000000007
20000.035000000007
20000.035000000007
19737.972500000003
19737.972500000003
19737.972500000003
19737.972500000003
19404.190000000006
19404.190000000006
19404.190000000006
19404.190000000006
19674.127500000006
19674.127500000006
19674.127500000006
19674.127500000006
20352.727500000005
20352.727500000005
20352.727500000005
20352.727500000005
20692.425000000007
20692.425000000007
20692.425000000007
20692.425000000007
20670.850000000006
20670.850000000006
20670.850000000006
20670.850000000006
20912.24750000001
20912.24750000001
20912.24750000001
20912.24750000001
20920.122500000005
20920.122500000005
20920.122500000005
20920.122500000005
21227.097500000007
21227.097500000007
21227.097500000007
21227.097500000007
21632.950000000004
21632.950000000004
21632.950000000004
21632.950000000004
21573.857500000006
21573.857500000006
21573.857500000006
21573.857500000006
21895.355000000007
21895.355000000007
21895.355000000007
21895.355000000007
21748.892500000005
21748.892500000005
21748.892500000005
21748.892500000005
21292.46750000001
21292.46750000001
21292.46750000001
21292.46750000001
21293.427500000005
21293.427500000005
21293.427500000005
21293.427500000005
21840.75500000001
21840.75500000001
21840.75500000001
21840.75500000001
21857.527500000007
21857.527500000007
21857.527500000007
21857.527500000007
22127.965000000007
22127.965000000007
22127.965000000007
22127.965000000007
22387.397500000006
22387.397500000006
22387.397500000006
22387.397500000006
22559.422500000004
22559.422500000004
22559.422500000004
22559.422500000004
22581.757500000007
22581.757500000007
22581.757500000007
22581.757500000007
23008.522500000003
23008.522500000003
23008.522500000003
23008.522500000003
23247.625000000007
23247.625000000007
23247.625000000007
23247.625000000007
23353.28750000001
23353.28750000001
23353.28750000001
23353.28750000001
23472.36000000001
23472.36000000001
23472.36000000001
23472.36000000001
23618.355000000007
23618.355000000007
23618.355000000007
23618.355000000007
23719.660000000007
23719.660000000007
23719.660000000007
23719.660000000007
23453.077500000007
23453.077500000007
23453.077500000007
23453.077500000007
23312.492500000008
23312.492500000008
23312.492500000008
23312.492500000008
23184.982500000002
23184.982500000002
23184.982500000002
23184.982500000002
22674.805000000004
22674.805000000004
22674.805000000004
22674.805000000004
22749.700000000008
22749.700000000008
22749.700000000008
22749.700000000008
22933.012500000008
22933.012500000008
22933.012500000008
22933.012500000008
22649.885000000006
22649.885000000006
22649.885000000006
22649.885000000006
22151.885000000006
22151.885000000006
22151.885000000006
22151.885000000006
22285.587500000005
22285.587500000005
22285.587500000005
22285.587500000005
22182.96000000001
22182.96000000001
22182.96000000001
22182.96000000001
21931.055000000004
21931.055000000004
21931.055000000004
21931.055000000004
21775.855000000007
21775.855000000007
21775.855000000007
21775.855000000007
21844.267500000005
21844.267500000005
21844.267500000005
21844.267500000005
22428.19250000001
22428.19250000001
22428.19250000001
22428.19250000001
22752.590000000007
22752.590000000007
22752.590000000007
22752.590000000007
23206.035000000003
23206.035000000003
23206.035000000003
23206.035000000003
23011.75250000001
23011.75250000001
23011.75250000001
23011.75250000001
23197.54000000001
23197.54000000001
23197.54000000001
23197.54000000001
22695.975000000006
22695.975000000006
22695.975000000006
22695.975000000006
22361.04500000001
22361.04500000001
22361.04500000001
22361.04500000001
21774.50500000001
21774.50500000001
21774.50500000001
21774.50500000001
21109.18500000001
21109.18500000001
21109.18500000001
21109.18500000001
20714.737500000007
20714.737500000007
20714.737500000007
20714.737500000007
20112.082500000008
20112.082500000008
20112.082500000008
20112.082500000008
20519.480000000003
20519.480000000003
20519.480000000003
20519.480000000003
20756.107500000006
20756.107500000006
20756.107500000006
20756.107500000006
21332.615000000005
21332.615000000005
21332.615000000005
21332.615000000005
21374.002500000002
21374.002500000002
21374.002500000002
21374.002500000002
21938.565000000006
21938.565000000006
21938.565000000006
21938.565000000006
21944.140000000003
21944.140000000003
21944.140000000003
21944.140000000003
21981.38000000001
21981.38000000001
21981.38000000001
21981.38000000001
22068.962500000005
22068.962500000005
22068.962500000005
22068.962500000005
22372.762500000008
22372.762500000008
22372.762500000008
22372.762500000008
21895.490000000005
21895.490000000005
21895.490000000005
21895.490000000005
21708.892500000005
21708.892500000005
21708.892500000005
21708.892500000005
22373.527500000007
22373.527500000007
22373.527500000007
22373.527500000007
22821.415000000008
22821.415000000008
22821.415000000008
22821.415000000008
23075.48250000001
23075.48250000001
23075.48250000001
23075.48250000001
23292.635000000002
23292.635000000002
23292.635000000002
23292.635000000002
23100.390000000003
23100.390000000003
23100.390000000003
23100.390000000003
23077.84250000001
23077.84250000001
23077.84250000001
23077.84250000001
23095.610000000004
23095.610000000004
23095.610000000004
23095.610000000004
23249.957500000008
23249.957500000008
23249.957500000008
23249.957500000008
23147.477500000008
23147.477500000008
23147.477500000008
23147.477500000008
22913.870000000006
22913.870000000006
22913.870000000006
22913.870000000006
23171.182500000006
23171.182500000006
23171.182500000006
23171.182500000006
22933.052500000005
22933.052500000005
22933.052500000005
22933.052500000005
22761.635000000006
22761.635000000006
22761.635000000006
22761.635000000006
23649.755000000005
23649.755000000005
23649.755000000005
23649.755000000005
23717.090000000007
23717.090000000007
23717.090000000007
23717.090000000007
23904.85000000001
23904.85000000001
23904.85000000001
23904.85000000001
23748.885000000006
23748.885000000006
23748.885000000006
23748.885000000006
23386.627500000002
23386.627500000002
23386.627500000002
23386.627500000002
23054.11500000001
23054.11500000001
23054.11500000001
23054.11500000001
23039.13250000001
23039.13250000001
23039.13250000001
23039.13250000001
23177.14750000001
23177.14750000001
23177.14750000001
23177.14750000001
22795.212500000005
22795.212500000005
22795.212500000005
22795.212500000005
22857.072500000006
22857.072500000006
22857.072500000006
22857.072500000006
23020.457500000008
23020.457500000008
23020.457500000008
23020.457500000008
22560.577500000007
22560.577500000007
22560.577500000007
22560.577500000007
21883.860000000004
21883.860000000004
21883.860000000004
21883.860000000004
21477.15500000001
21477.15500000001
21477.15500000001
21477.15500000001
22178.17750000001
22178.17750000001
22178.17750000001
22178.17750000001
22545.565000000006
22545.565000000006
22545.565000000006
22545.565000000006
22427.860000000004
22427.860000000004
22427.860000000004
22427.860000000004
22705.860000000004
22705.860000000004
22705.860000000004
22705.860000000004
22552.042500000007
22552.042500000007
22552.042500000007
22552.042500000007
21866.782500000005
21866.782500000005
21866.782500000005
21866.782500000005
21452.075000000008
21452.075000000008
21452.075000000008
21452.075000000008
21725.805000000008
21725.805000000008
21725.805000000008
21725.805000000008
22124.895000000008
22124.895000000008
22124.895000000008
22124.895000000008
22494.06250000001
22494.06250000001
22494.06250000001
22494.06250000001
22907.68500000001
22907.68500000001
22907.68500000001
22907.68500000001
22791.577500000007
22791.577500000007
22791.577500000007
22791.577500000007
22506.662500000006
22506.662500000006
22506.662500000006
22506.662500000006
22245.265000000007
22245.265000000007
22245.265000000007
22245.265000000007
21855.675000000007
21855.675000000007
21855.675000000007
21855.675000000007
22481.90500000001
22481.90500000001
22481.90500000001
22481.90500000001
22772.152500000007
22772.152500000007
22772.152500000007
22772.152500000007
22956.775000000005
22956.775000000005
22956.775000000005
22956.775000000005
23115.715000000007
23115.715000000007
23115.715000000007
23115.715000000007
23082.460000000006
23082.460000000006
23082.460000000006
23082.460000000006
23266.805000000008
23266.805000000008
23266.805000000008
23266.805000000008
23213.427500000005
23213.427500000005
23213.427500000005
23213.427500000005
22936.55250000001
22936.55250000001
22936.55250000001
22936.55250000001
23289.922500000004
23289.922500000004
23289.922500000004
23289.922500000004
23540.02500000001
23540.02500000001
23540.02500000001
23540.02500000001
23248.79500000001
23248.79500000001
23248.79500000001
23248.79500000001
23489.72500000001
23489.72500000001
23489.72500000001
23489.72500000001
23820.65500000001
23820.65500000001
23820.65500000001
23820.65500000001
24504.345000000005
24504.345000000005
24504.345000000005
24504.345000000005
24634.405000000006
24634.405000000006
24634.405000000006
24634.405000000006
24487.28000000001
24487.28000000001
24487.28000000001
24487.28000000001
24834.012500000008
24834.012500000008
24834.012500000008
24834.012500000008
25058.06750000001
25058.06750000001
25058.06750000001
25058.06750000001
25068.097500000007
25068.097500000007
25068.097500000007
25068.097500000007
24746.042500000007
24746.042500000007
24746.042500000007
24746.042500000007
25261.61750000001
25261.61750000001
25261.61750000001
25261.61750000001
24580.07750000001
24580.07750000001
24580.07750000001
24580.07750000001
24246.825
24246.825
24246.825
24246.825
23870.575000000008
23870.575000000008
23870.575000000008
23870.575000000008
23226.290000000005
23226.290000000005
23226.290000000005
23226.290000000005
23383.855000000007
23383.855000000007
23383.855000000007
23383.855000000007
23104.985000000008
23104.985000000008
23104.985000000008
23104.985000000008
23020.74750000001
23020.74750000001
23020.74750000001
23020.74750000001
23295.645000000008
23295.645000000008
23295.645000000008
23295.645000000008
23760.082500000008
23760.082500000008
23760.082500000008
23760.082500000008
23776.640000000007
23776.640000000007
23776.640000000007
23776.640000000007
23760.350000000002
23760.350000000002
23760.350000000002
23760.350000000002
23858.392500000005
23858.392500000005
23858.392500000005
23858.392500000005
23513.30250000001
23513.30250000001
23513.30250000001
23513.30250000001
23986.905
23986.905
23986.905
23986.905
23570.732500000006
23570.732500000006
23570.732500000006
23570.732500000006
23765.165000000005
23765.165000000005
23765.165000000005
23765.165000000005
23065.02250000001
23065.02250000001
23065.02250000001
23065.02250000001
22985.812500000007
22985.812500000007
22985.812500000007
22985.812500000007
23489.3275
23489.3275
23489.3275
23489.3275
23667.3975
23667.3975
23667.3975
23667.3975
23865.800000000007
23865.800000000007
23865.800000000007
23865.800000000007
24195.750000000004
24195.750000000004
24195.750000000004
24195.750000000004
24141.215000000007
24141.215000000007
24141.215000000007
24141.215000000007
24857.36000000001
24857.36000000001
24857.36000000001
24857.36000000001
24535.605000000007
24535.605000000007
24535.605000000007
24535.605000000007
24661.41000000001
24661.41000000001
24661.41000000001
24661.41000000001
24486.952500000007
24486.952500000007
24486.952500000007
24486.952500000007
24795.062500000007
24795.062500000007
24795.062500000007
24795.062500000007
24813.425000000003
24813.425000000003
24813.425000000003
24813.425000000003
24562.160000000007
24562.160000000007
24562.160000000007
24562.160000000007
23975.500000000007
23975.500000000007
23975.500000000007
23975.500000000007
23868.052500000005
23868.052500000005
23868.052500000005
23868.052500000005
24364.68000000001
24364.68000000001
24364.68000000001
24364.68000000001
24477.777500000007
24477.777500000007
24477.777500000007
24477.777500000007
25028.60000000001
25028.60000000001
25028.60000000001
25028.60000000001
26590.62500000001
26590.62500000001
27644.365000000005
27644.365000000005
27643.285000000007
27643.285000000007
27643.285000000007
27643.285000000007
27676.742500000008
27676.742500000008
27676.742500000008
27676.742500000008
28334.415000000008
28334.415000000008
28334.415000000008
28334.415000000008
27913.31750000001
27913.31750000001
27913.31750000001
27913.31750000001
27498.17250000001
27498.17250000001
27498.17250000001
27498.17250000001
27487.340000000007
27487.340000000007
27487.340000000007
27487.340000000007
27698.785000000007
27698.785000000007
27698.785000000007
27698.785000000007
27802.39250000001
27802.39250000001
27802.39250000001
27802.39250000001
27568.31000000001
27568.31000000001
27568.31000000001
27568.31000000001
27063.400000000005
27063.400000000005
27063.400000000005
27063.400000000005
26904.225000000002
26904.225000000002
26904.225000000002
26904.225000000002
26822.457500000008
26822.457500000008
26822.457500000008
26822.457500000008
27137.012500000008
27137.012500000008
27137.012500000008
27137.012500000008
26140.86000000001
26140.86000000001
26140.86000000001
26140.86000000001
25105.79500000001
25105.79500000001
23954.675000000007
23954.675000000007
25075.49000000001
25075.49000000001
25075.49000000001
25075.49000000001
25379.822500000006
25379.822500000006
25379.822500000006
25379.822500000006
25040.485000000004
25040.485000000004
25040.485000000004
25040.485000000004
24564.412500000006
24564.412500000006
24564.412500000006
24564.412500000006
24426.745000000006
24426.745000000006
24426.745000000006
24426.745000000006
24371.955000000005
24371.955000000005
24371.955000000005
24371.955000000005
23824.862500000007
23824.862500000007
23824.862500000007
23824.862500000007
22962.660000000003
22962.660000000003
21830.59500000001
21830.59500000001
21484.070000000003
21484.070000000003
21484.070000000003
21484.070000000003
21157.890000000007
21157.890000000007
21157.890000000007
21157.890000000007
21384.092500000006
21384.092500000006
21384.092500000006
21384.092500000006
21622.040000000005
21622.040000000005
21622.040000000005
21622.040000000005
21832.24250000001
21832.24250000001
21832.24250000001
21832.24250000001
21035.452500000003
21035.452500000003
21035.452500000003
21035.452500000003
21509.627500000006
21509.627500000006
21509.627500000006
21509.627500000006
22515.100000000006
22515.100000000006
22515.100000000006
22515.100000000006
22748.977500000005
22748.977500000005
22748.977500000005
22748.977500000005
23015.535000000007
23015.535000000007
23015.535000000007
23015.535000000007
23008.872500000005
23008.872500000005
23008.872500000005
23008.872500000005
22658.020000000008
22658.020000000008
22658.020000000008
22658.020000000008
22761.710000000006
22761.710000000006
22761.710000000006
22761.710000000006
22412.012500000004
22412.012500000004
22412.012500000004
22412.012500000004
22426.862500000007
22426.862500000007
22426.862500000007
22426.862500000007
22560.11750000001
22560.11750000001
22560.11750000001
22560.11750000001
22231.445000000003
22231.445000000003
22231.445000000003
22231.445000000003
22190.312500000007
22190.312500000007
22190.312500000007
22190.312500000007
21570.56750000001
21570.56750000001
21570.56750000001
21570.56750000001
21650.800000000007
21650.800000000007
21650.800000000007
21650.800000000007
21950.105000000007
21950.105000000007
21950.105000000007
21950.105000000007
21928.947500000006
21928.947500000006
21928.947500000006
21928.947500000006
20957.49750000001
20957.49750000001
20957.49750000001
20957.49750000001
19997.212500000005
19997.212500000005
19997.212500000005
19997.212500000005
19552.860000000008
19552.860000000008
19552.860000000008
19552.860000000008
18962.275000000005
18962.275000000005
18962.275000000005
18962.275000000005
19198.0475
19198.0475
19198.0475
19198.0475
19304.255000000005
19304.255000000005
19304.255000000005
19304.255000000005
18767.922500000004
18767.922500000004
18767.922500000004
18767.922500000004
19173.807500000006
19173.807500000006
19173.807500000006
19173.807500000006
19240.017500000005
19240.017500000005
19240.017500000005
19240.017500000005
19471.757500000003
19471.757500000003
19471.757500000003
19471.757500000003
20072.440000000006
20072.440000000006
20072.440000000006
20072.440000000006
20153.905
20153.905
20153.905
20153.905
20430.4775
20430.4775
20430.4775
20430.4775
20577.93500000001
20577.93500000001
20577.93500000001
20577.93500000001
20611.327500000007
20611.327500000007
20611.327500000007
20611.327500000007
20255.030000000006
20255.030000000006
20255.030000000006
20255.030000000006
20860.44250000001
20860.44250000001
20860.44250000001
20860.44250000001
21287.62250000001
21287.62250000001
21287.62250000001
21287.62250000001
21450.250000000007
21450.250000000007
21450.250000000007
21450.250000000007
21123.405000000002
21123.405000000002
21123.405000000002
21123.405000000002
20310.582500000008
20310.582500000008
20310.582500000008
20310.582500000008
19983.180000000008
19983.180000000008
19983.180000000008
19983.180000000008
19880.87250000001
19880.87250000001
19880.87250000001
19880.87250000001
19964.92750000001
19964.92750000001
19964.92750000001
19964.92750000001
20604.590000000007
20604.590000000007
20604.590000000007
20604.590000000007
20899.415000000005
20899.415000000005
20899.415000000005
20899.415000000005
21045.437500000007
21045.437500000007
21045.437500000007
21045.437500000007
20265.862500000007
20265.862500000007
20265.862500000007
20265.862500000007
20710.525000000005
20710.525000000005
20710.525000000005
20710.525000000005
20273.752500000002
20273.752500000002
20273.752500000002
20273.752500000002
20774.895000000008
20774.895000000008
20774.895000000008
20774.895000000008
20844.082500000008
20844.082500000008
20844.082500000008
20844.082500000008
21586.465000000007
21586.465000000007
21586.465000000007
21586.465000000007
21880.110000000008
21880.110000000008
21880.110000000008
21880.110000000008
22129.125000000007
22129.125000000007
22129.125000000007
22129.125000000007
21897.965000000007
21897.965000000007
21897.965000000007
21897.965000000007
22399.722500000007
22399.722500000007
22399.722500000007
22399.722500000007
22797.702500000003
22797.702500000003
22797.702500000003
22797.702500000003
22939.517500000005
22939.517500000005
22939.517500000005
22939.517500000005
22886.050000000007
22886.050000000007
22886.050000000007
22886.050000000007
22994.167500000007
22994.167500000007
22994.167500000007
22994.167500000007
23611.43500000001
23611.43500000001
23611.43500000001
23611.43500000001
23631.350000000006
23631.350000000006
23631.350000000006
23631.350000000006
23401.885000000006
23401.885000000006
23401.885000000006
23401.885000000006
23608.52500000001
23608.52500000001
23608.52500000001
23608.52500000001
23557.042500000007
23557.042500000007
23557.042500000007
23557.042500000007
