21252.48972500001
21252.48972500001
21252.48972500001
21252.48972500001
21665.869625000007
21665.869625000007
21665.869625000007
21665.869625000007
21353.850075000006
21353.850075000006
21353.850075000006
21353.850075000006
22695.45215000001
22695.45215000001
22695.45215000001
22695.45215000001
22455.89502500001
22455.89502500001
22455.89502500001
22455.89502500001
22266.84815000001
22266.84815000001
22266.84815000001
22266.84815000001
21776.527325000003
21776.527325000003
21776.527325000003
21776.527325000003
21019.517600000003
21019.517600000003
21019.517600000003
21019.517600000003
20490.779800000008
20490.779800000008
20490.779800000008
20490.779800000008
20992.845200000007
20992.845200000007
20992.845200000007
20992.845200000007
20580.745125000005
20580.745125000005
20580.745125000005
20580.745125000005
20149.427725000005
20149.427725000005
20149.427725000005
20149.427725000005
19189.004900000007
19189.004900000007
17828.194350000005
17828.194350000005
16283.719700000007
18588.10940000001
19005.25975000001
19005.25975000001
18507.364750000008
18507.364750000008
18507.364750000008
18507.364750000008
17387.597175000006
17387.597175000006
17387.597175000006
17387.597175000006
15491.295450000003
15491.295450000003
14576.589800000007
14576.589800000007
16290.009750000007
16290.009750000007
14566.375000000002
14566.375000000002
14787.930150000006
14787.930150000006
13720.879900000007
13720.879900000007
12661.682625000003
10719.592725000004
11690.637675000004
11690.637675000004
13730.797600000004
13730.797600000004
13730.797600000004
13730.797600000004
14037.705050000002
14037.705050000002
14037.705050000002
14037.705050000002
13497.497600000004
13497.497600000004
13497.497600000004
13497.497600000004
12667.332525000003
12667.332525000003
12667.332525000003
12667.332525000003
12453.022450000002
12453.022450000002
12453.022450000002
12453.022450000002
13471.814925000004
13471.814925000004
13471.814925000004
13471.814925000004
13748.302500000005
13748.302500000005
13748.302500000005
13748.302500000005
14870.107675000005
14870.107675000005
14870.107675000005
14870.107675000005
15076.922625000005
15076.922625000005
15076.922625000005
15076.922625000005
14394.530025000004
14394.530025000004
14394.530025000004
14394.530025000004
14217.760250000003
14217.760250000003
14217.760250000003
14217.760250000003
14951.785150000007
14951.785150000007
14951.785150000007
14951.785150000007
13877.987550000003
13877.987550000003
13877.987550000003
13877.987550000003
12982.812500000002
12982.812500000002
12982.812500000002
12982.812500000002
12668.834700000005
12668.834700000005
12668.834700000005
12668.834700000005
12834.314925000004
12834.314925000004
12834.314925000004
12834.314925000004
13391.552475000002
13391.552475000002
13391.552475000002
13391.552475000002
13277.109625000003
13277.109625000003
13277.109625000003
13277.109625000003
12775.972675
12775.972675
12775.972675
12775.972675
12740.760025000003
12740.760025000003
12740.760025000003
12740.760025000003
12206.502450000005
12206.502450000005
12206.502450000005
12206.502450000005
11743.132450000001
11743.132450000001
11743.132450000001
11743.132450000001
12168.065200000005
12168.065200000005
12168.065200000005
12168.065200000005
12910.972400000002
12910.972400000002
12910.972400000002
12910.972400000002
13481.564950000004
13481.564950000004
13481.564950000004
13481.564950000004
13552.310075000003
13552.310075000003
13552.310075000003
13552.310075000003
14466.992450000005
14466.992450000005
14466.992450000005
14466.992450000005
14821.572250000005
14821.572250000005
14821.572250000005
14821.572250000005
15381.584950000006
15381.584950000006
15381.584950000006
15381.584950000006
14889.842500000002
14889.842500000002
14889.842500000002
14889.842500000002
14589.645050000006
14589.645050000006
15529.669900000006
15529.669900000006
16603.672375000002
16603.672375000002
16603.672375000002
16603.672375000002
16844.409675000006
16844.409675000006
16844.409675000006
16844.409675000006
16952.334625000007
16952.334625000007
16952.334625000007
16952.334625000007
16919.905250000003
16919.905250000003
16919.905250000003
16919.905250000003
17974.415025000006
17974.415025000006
17974.415025000006
17974.415025000006
18315.002950000006
18315.002950000006
18315.002950000006
18315.002950000006
18310.167000000005
18310.167000000005
18310.167000000005
18310.167000000005
17945.657700000007
17945.657700000007
17945.657700000007
17945.657700000007
17631.567850000003
17631.567850000003
17631.567850000003
17631.567850000003
18311.662575000006
18311.662575000006
18311.662575000006
18311.662575000006
17916.825175000005
17916.825175000005
17916.825175000005
17916.825175000005
17458.602525000006
17458.602525000006
17458.602525000006
17458.602525000006
18093.132325000002
18093.132325000002
18093.132325000002
18093.132325000002
19223.797375000006
19223.797375000006
19223.797375000006
19223.797375000006
19927.087900000006
19927.087900000006
19927.087900000006
19927.087900000006
20406.792500000007
20406.792500000007
20406.792500000007
20406.792500000007
20455.927475000004
20455.927475000004
20455.927475000004
20455.927475000004
20634.395000000008
20634.395000000008
20634.395000000008
20634.395000000008
19998.89210000001
19998.89210000001
19998.89210000001
19998.89210000001
20245.409675000006
20245.409675000006
20245.409675000006
20245.409675000006
19869.594700000005
19869.594700000005
19869.594700000005
19869.594700000005
19785.839850000008
19785.839850000008
19785.839850000008
19785.839850000008
20860.90772500001
20860.90772500001
20860.90772500001
20860.90772500001
21057.105050000006
21057.105050000006
21057.105050000006
21057.105050000006
21497.32472500001
21497.32472500001
21497.32472500001
21497.32472500001
20788.615200000004
20788.615200000004
20788.615200000004
20788.615200000004
20482.817850000007
20482.817850000007
20482.817850000007
20482.817850000007
21260.37252500001
21260.37252500001
21260.37252500001
21260.37252500001
21701.282725000005
21701.282725000005
21701.282725000005
21701.282725000005
22056.417500000007
22056.417500000007
22056.417500000007
22056.417500000007
21824.71242500001
21824.71242500001
21824.71242500001
21824.71242500001
21358.847675000008
21358.847675000008
21358.847675000008
21358.847675000008
21823.854950000008
21823.854950000008
21823.854950000008
21823.854950000008
22467.45215000001
22467.45215000001
22467.45215000001
22467.45215000001
22601.82470000001
22601.82470000001
22601.82470000001
22601.82470000001
22332.512475000007
22332.512475000007
22332.512475000007
22332.512475000007
21686.569850000003
21686.569850000003
21686.569850000003
21686.569850000003
22221.414550000005
22221.414550000005
22221.414550000005
22221.414550000005
21641.802250000004
21641.802250000004
21641.802250000004
21641.802250000004
21398.652325000006
21398.652325000006
21398.652325000006
21398.652325000006
21084.089525000007
21084.089525000007
21084.089525000007
21084.089525000007
21443.649800000007
21443.649800000007
21443.649800000007
21443.649800000007
22030.80762500001
22030.80762500001
22030.80762500001
22030.80762500001
22115.317875000004
22115.317875000004
22115.317875000004
22115.317875000004
21486.18515000001
21486.18515000001
21486.18515000001
21486.18515000001
20668.14257500001
20668.14257500001
20668.14257500001
20668.14257500001
20014.160150000007
20014.160150000007
20014.160150000007
20014.160150000007
20164.712400000004
20164.712400000004
20164.712400000004
20164.712400000004
19555.417500000007
19555.417500000007
19555.417500000007
19555.417500000007
20290.185075
20290.185075
20290.185075
20290.185075
20164.712900000006
20164.712900000006
20164.712900000006
20164.712900000006
20632.525275000004
20632.525275000004
20632.525275000004
20632.525275000004
20789.159700000007
20789.159700000007
20789.159700000007
20789.159700000007
21115.229950000004
21115.229950000004
21115.229950000004
21115.229950000004
21099.44970000001
21099.44970000001
21099.44970000001
21099.44970000001
21025.775400000006
21025.775400000006
21025.775400000006
21025.775400000006
20916.752475000005
20916.752475000005
20916.752475000005
20916.752475000005
21541.092300000004
21541.092300000004
21541.092300000004
21541.092300000004
22041.382575000007
22041.382575000007
22041.382575000007
22041.382575000007
21673.215825000003
21673.215825000003
21673.215825000003
21673.215825000003
21350.980475000008
21350.980475000008
21350.980475000008
21350.980475000008
20940.342775000005
20940.342775000005
20940.342775000005
20940.342775000005
20424.795400000006
20424.795400000006
20424.795400000006
20424.795400000006
19928.922350000008
19928.922350000008
19928.922350000008
19928.922350000008
19917.665025000006
19917.665025000006
19917.665025000006
19917.665025000006
19316.8701
19316.8701
19316.8701
19316.8701
19339.9772
19339.9772
19339.9772
19339.9772
19559.615250000006
19559.615250000006
19559.615250000006
19559.615250000006
19361.567375000006
19361.567375000006
19361.567375000006
19361.567375000006
19976.942400000004
19976.942400000004
19976.942400000004
19976.942400000004
20548.820325000004
20548.820325000004
20548.820325000004
20548.820325000004
20538.057625000005
20538.057625000005
20538.057625000005
20538.057625000005
19836.447750000007
19836.447750000007
19836.447750000007
19836.447750000007
20071.844725000006
20071.844725000006
20071.844725000006
20071.844725000006
20322.745100000004
20322.745100000004
20322.745100000004
20322.745100000004
20200.670425000008
20200.670425000008
20200.670425000008
20200.670425000008
20820.400425000007
20820.400425000007
20820.400425000007
20820.400425000007
21136.950200000007
21136.950200000007
21136.950200000007
21136.950200000007
21492.149900000008
21492.149900000008
21492.149900000008
21492.149900000008
21156.24025000001
21156.24025000001
21156.24025000001
21156.24025000001
20972.23975
20972.23975
20972.23975
20972.23975
20719.497050000005
20719.497050000005
20719.497050000005
20719.497050000005
20540.245125000005
20540.245125000005
20540.245125000005
20540.245125000005
20837.53955000001
20837.53955000001
20837.53955000001
20837.53955000001
21148.872575000005
21148.872575000005
21148.872575000005
21148.872575000005
21552.699950000006
21552.699950000006
21552.699950000006
21552.699950000006
21890.094725000006
21890.094725000006
21890.094725000006
21890.094725000006
22160.12990000001
22160.12990000001
22160.12990000001
22160.12990000001
22530.314925000006
22530.314925000006
22530.314925000006
22530.314925000006
22973.10750000001
22973.10750000001
22973.10750000001
22973.10750000001
23441.930000000015
23441.930000000015
23441.930000000015
23441.930000000015
23443.847500000007
23443.847500000007
23443.847500000007
23443.847500000007
23337.660000000007
23337.660000000007
23337.660000000007
23337.660000000007
23374.84250000001
23374.84250000001
23374.84250000001
23374.84250000001
24624.66250000001
24624.66250000001
24624.66250000001
24624.66250000001
24279.02500000001
24279.02500000001
24279.02500000001
24279.02500000001
23337.745000000006
23337.745000000006
23337.745000000006
23337.745000000006
23074.89750000001
23074.89750000001
23074.89750000001
23074.89750000001
22813.727500000005
22813.727500000005
22813.727500000005
22813.727500000005
23247.700000000008
23247.700000000008
23247.700000000008
23247.700000000008
23070.200000000008
23070.200000000008
23070.200000000008
23070.200000000008
22830.865000000005
22830.865000000005
22830.865000000005
22830.865000000005
22730.72500000001
22730.72500000001
22730.72500000001
22730.72500000001
22715.059950000006
22715.059950000006
22715.059950000006
22715.059950000006
23264.4625
23264.4625
23264.4625
23264.4625
23586.610000000008
23586.610000000008
23586.610000000008
23586.610000000008
24087.887500000008
24087.887500000008
24087.887500000008
24087.887500000008
24038.092500000006
24038.092500000006
24038.092500000006
24038.092500000006
23729.515000000007
23729.515000000007
23729.515000000007
23729.515000000007
23490.0625
23490.0625
23490.0625
23490.0625
23180.92750000001
23180.92750000001
23180.92750000001
23180.92750000001
22759.105000000007
22759.105000000007
22759.105000000007
22759.105000000007
23194.667500000007
23194.667500000007
23194.667500000007
23194.667500000007
22753.102500000005
22753.102500000005
22753.102500000005
22753.102500000005
23157.877500000006
23157.877500000006
23157.877500000006
23157.877500000006
23469.355000000007
23469.355000000007
23469.355000000007
23469.355000000007
22744.987500000007
22744.987500000007
22744.987500000007
22744.987500000007
22361.620000000006
22361.620000000006
22361.620000000006
22361.620000000006
22906.55250000001
22906.55250000001
22906.55250000001
22906.55250000001
23267.765000000003
23267.765000000003
23267.765000000003
23267.765000000003
24116.74000000001
24116.74000000001
24116.74000000001
24116.74000000001
23980.290000000005
23980.290000000005
23980.290000000005
23980.290000000005
23705.625000000007
23705.625000000007
23705.625000000007
23705.625000000007
23865.495000000003
23865.495000000003
23865.495000000003
23865.495000000003
23407.832500000008
23407.832500000008
23407.832500000008
23407.832500000008
23110.94250000001
23110.94250000001
23110.94250000001
23110.94250000001
22879.42750000001
22879.42750000001
22879.42750000001
22879.42750000001
22875.370000000006
22875.370000000006
22875.370000000006
22875.370000000006
22815.455000000005
22815.455000000005
22815.455000000005
22815.455000000005
23278.325000000008
23278.325000000008
23278.325000000008
23278.325000000008
22502.022500000003
22502.022500000003
22502.022500000003
22502.022500000003
22164.292500000007
22164.292500000007
22164.292500000007
22164.292500000007
21657.750000000007
21657.750000000007
21657.750000000007
21657.750000000007
21814.252500000006
21814.252500000006
21814.252500000006
21814.252500000006
22408.105000000007
22408.105000000007
22408.105000000007
22408.105000000007
22504.575000000008
22504.575000000008
22504.575000000008
22504.575000000008
21722.400000000005
21722.400000000005
21722.400000000005
21722.400000000005
21767.020000000008
21767.020000000008
21767.020000000008
21767.020000000008
22295.160000000007
22295.160000000007
22295.160000000007
22295.160000000007
22398.287500000006
22398.287500000006
22398.287500000006
22398.287500000006
21804.225000000006
21804.225000000006
20343.81500000001
20343.81500000001
19346.295000000002
19346.295000000002
19346.295000000002
19346.295000000002
20062.200000000008
20062.200000000008
20062.200000000008
20062.200000000008
19299.522500000006
19299.522500000006
19299.522500000006
19299.522500000006
19752.330000000005
19752.330000000005
19752.330000000005
19752.330000000005
20122.085000000006
20122.085000000006
20122.085000000006
20122.085000000006
19671.032500000005
19671.032500000005
19671.032500000005
19671.032500000005
19001.7275
19001.7275
19001.7275
19001.7275
18541.75500000001
18541.75500000001
18541.75500000001
18541.75500000001
17496.490000000005
17496.490000000005
17496.490000000005
17496.490000000005
16809.755
16809.755
16809.755
16809.755
17697.370000000006
17697.370000000006
17697.370000000006
17697.370000000006
18364.992500000004
18364.992500000004
18364.992500000004
18364.992500000004
18086.922500000004
18086.922500000004
18086.922500000004
18086.922500000004
19131.30250000001
19131.30250000001
19131.30250000001
19131.30250000001
19297.085000000006
19297.085000000006
19297.085000000006
19297.085000000006
19762.4975
19762.4975
19762.4975
19762.4975
19177.600000000006
19177.600000000006
19177.600000000006
19177.600000000006
18469.900000000005
18469.900000000005
18469.900000000005
18469.900000000005
17781.7825
17781.7825
17781.7825
17781.7825
18184.307500000006
18184.307500000006
18184.307500000006
18184.307500000006
18919.830000000005
18919.830000000005
18919.830000000005
18919.830000000005
18568.402500000007
18568.402500000007
18568.402500000007
18568.402500000007
18005.735000000004
18005.735000000004
18005.735000000004
18005.735000000004
18269.220000000005
18269.220000000005
18269.220000000005
18269.220000000005
18473.950000000008
18473.950000000008
18473.950000000008
18473.950000000008
18555.160000000003
18555.160000000003
18555.160000000003
18555.160000000003
18991.460000000006
18991.460000000006
18991.460000000006
18991.460000000006
19378.107500000006
19378.107500000006
19378.107500000006
19378.107500000006
20189.617500000008
20189.617500000008
20189.617500000008
20189.617500000008
20423.31000000001
20423.31000000001
20423.31000000001
20423.31000000001
20706.492500000004
20706.492500000004
20706.492500000004
20706.492500000004
20781.167500000007
20781.167500000007
20781.167500000007
20781.167500000007
21288.527500000007
21288.527500000007
21288.527500000007
21288.527500000007
21249.167500000007
21249.167500000007
21249.167500000007
21249.167500000007
21417.530000000006
21417.530000000006
21417.530000000006
21417.530000000006
20805.755000000005
20805.755000000005
20805.755000000005
20805.755000000005
21091.595000000005
21091.595000000005
21091.595000000005
21091.595000000005
21069.407500000005
21069.407500000005
21069.407500000005
21069.407500000005
20683.857500000006
20683.857500000006
20683.857500000006
20683.857500000006
20648.892500000005
20648.892500000005
20648.892500000005
20648.892500000005
20426.857500000006
20426.857500000006
20426.857500000006
20426.857500000006
20315.535000000007
20315.535000000007
20315.535000000007
20315.535000000007
20689.397500000003
20689.397500000003
20689.397500000003
20689.397500000003
20604.61
20604.61
20604.61
20604.61
20982.335000000006
20982.335000000006
20982.335000000006
20982.335000000006
20548.997500000005
20548.997500000005
20548.997500000005
20548.997500000005
19837.112500000007
19837.112500000007
19837.112500000007
19837.112500000007
18934.980000000007
18934.980000000007
18934.980000000007
18934.980000000007
18723.992500000004
18723.992500000004
18723.992500000004
18723.992500000004
18597.6025
18597.6025
18597.6025
18597.6025
18271.950000000008
18271.950000000008
18271.950000000008
18271.950000000008
18660.385000000006
18660.385000000006
18660.385000000006
18660.385000000006
18980.922500000004
18980.922500000004
18980.922500000004
18980.922500000004
19255.867500000004
19255.867500000004
19255.867500000004
19255.867500000004
18915.822500000006
18915.822500000006
18915.822500000006
18915.822500000006
19469.887500000008
19469.887500000008
19469.887500000008
19469.887500000008
19423.345000000005
19423.345000000005
19423.345000000005
19423.345000000005
19062.38000000001
19062.38000000001
19062.38000000001
19062.38000000001
19256.530000000006
19256.530000000006
19256.530000000006
19256.530000000006
18880.147500000006
18880.147500000006
18880.147500000006
18880.147500000006
19598.99750000001
19598.99750000001
19598.99750000001
19598.99750000001
19845.715000000007
19845.715000000007
19845.715000000007
19845.715000000007
20081.582500000008
20081.582500000008
20081.582500000008
20081.582500000008
19973.680000000004
19973.680000000004
19973.680000000004
19973.680000000004
19902.080000000005
19902.080000000005
19902.080000000005
19902.080000000005
19693.145000000008
19693.145000000008
19693.145000000008
19693.145000000008
19342.040000000005
19342.040000000005
19342.040000000005
19342.040000000005
19496.10750000001
19496.10750000001
19496.10750000001
19496.10750000001
20268.205000000005
20268.205000000005
20268.205000000005
20268.205000000005
20608.335000000006
20608.335000000006
20608.335000000006
20608.335000000006
20531.06750000001
20531.06750000001
20531.06750000001
20531.06750000001
20821.2825
20821.2825
20821.2825
20821.2825
20828.792500000007
20828.792500000007
20828.792500000007
20828.792500000007
21150.272500000006
21150.272500000006
21150.272500000006
21150.272500000006
21490.922500000008
21490.922500000008
21490.922500000008
21490.922500000008
21493.53000000001
21493.53000000001
21493.53000000001
21493.53000000001
21753.325000000008
21753.325000000008
21753.325000000008
21753.325000000008
21632.390000000003
21632.390000000003
21632.390000000003
21632.390000000003
21210.207500000008
21210.207500000008
21210.207500000008
21210.207500000008
21170.947500000006
21170.947500000006
21170.947500000006
21170.947500000006
21722.170000000006
21722.170000000006
21722.170000000006
21722.170000000006
21762.73250000001
21762.73250000001
21762.73250000001
21762.73250000001
21973.99000000001
21973.99000000001
21973.99000000001
21973.99000000001
22318.36500000001
22318.36500000001
22318.36500000001
22318.36500000001
22465.51750000001
22465.51750000001
22465.51750000001
22465.51750000001
22502.605000000007
22502.605000000007
22502.605000000007
22502.605000000007
22822.507500000007
22822.507500000007
22822.507500000007
22822.507500000007
23164.145000000008
23164.145000000008
23164.145000000008
23164.145000000008
23244.195000000003
23244.195000000003
23244.195000000003
23244.195000000003
23353.11000000001
23353.11000000001
23353.11000000001
23353.11000000001
23517.135
23517.135
23517.135
23517.135
23664.577500000003
23664.577500000003
23664.577500000003
23664.577500000003
23379.200000000008
23379.200000000008
23379.200000000008
23379.200000000008
23205.130000000005
23205.130000000005
23205.130000000005
23205.130000000005
23110.165000000008
23110.165000000008
23110.165000000008
23110.165000000008
22602.080000000005
22602.080000000005
22602.080000000005
22602.080000000005
22648.325000000008
22648.325000000008
22648.325000000008
22648.325000000008
22806.377500000006
22806.377500000006
22806.377500000006
22806.377500000006
22541.52250000001
22541.52250000001
22541.52250000001
22541.52250000001
22045.945000000003
22045.945000000003
22045.945000000003
22045.945000000003
22172.205000000005
22172.205000000005
22172.205000000005
22172.205000000005
22080.675000000007
22080.675000000007
22080.675000000007
22080.675000000007
21832.35000000001
21832.35000000001
21832.35000000001
21832.35000000001
21702.735000000004
21702.735000000004
21702.735000000004
21702.735000000004
21655.885000000006
21655.885000000006
21655.885000000006
21655.885000000006
22298.78750000001
22298.78750000001
22298.78750000001
22298.78750000001
22691.357500000006
22691.357500000006
22691.357500000006
22691.357500000006
23070.69250000001
23070.69250000001
23070.69250000001
23070.69250000001
22948.932500000006
22948.932500000006
22948.932500000006
22948.932500000006
23117.910000000007
23117.910000000007
23117.910000000007
23117.910000000007
22546.882500000007
22546.882500000007
22546.882500000007
22546.882500000007
22266.297500000004
22266.297500000004
22266.297500000004
22266.297500000004
21684.262500000008
21684.262500000008
21684.262500000008
21684.262500000008
20980.67000000001
20980.67000000001
20980.67000000001
20980.67000000001
20558.932500000006
20558.932500000006
20558.932500000006
20558.932500000006
19868.087500000005
19868.087500000005
19868.087500000005
19868.087500000005
20390.40750000001
20390.40750000001
20390.40750000001
20390.40750000001
20544.417500000007
20544.417500000007
20544.417500000007
20544.417500000007
21208.720000000005
21208.720000000005
21208.720000000005
21208.720000000005
21260.06000000001
21260.06000000001
21260.06000000001
21260.06000000001
21748.050000000007
21748.050000000007
21748.050000000007
21748.050000000007
21856.510000000006
21856.510000000006
21856.510000000006
21856.510000000006
21927.390000000007
21927.390000000007
21927.390000000007
21927.390000000007
21837.517500000005
21837.517500000005
21837.517500000005
21837.517500000005
22269.837500000005
22269.837500000005
22269.837500000005
22269.837500000005
21705.995000000006
21705.995000000006
21705.995000000006
21705.995000000006
21585.17000000001
21585.17000000001
21585.17000000001
21585.17000000001
22217.292500000007
22217.292500000007
22217.292500000007
22217.292500000007
22737.592500000006
22737.592500000006
22737.592500000006
22737.592500000006
23000.370000000006
23000.370000000006
23000.370000000006
23000.370000000006
23235.775
23235.775
23235.775
23235.775
23040.752500000006
23040.752500000006
23040.752500000006
23040.752500000006
22985.105000000007
22985.105000000007
22985.105000000007
22985.105000000007
22960.190000000006
22960.190000000006
22960.190000000006
22960.190000000006
23173.73500000001
23173.73500000001
23173.73500000001
23173.73500000001
23088.257500000007
23088.257500000007
23088.257500000007
23088.257500000007
22772.60750000001
22772.60750000001
22772.60750000001
22772.60750000001
23093.070000000007
23093.070000000007
23093.070000000007
23093.070000000007
22787.332500000008
22787.332500000008
22787.332500000008
22787.332500000008
22649.897500000006
22649.897500000006
22649.897500000006
22649.897500000006
23552.635000000006
23552.635000000006
23552.635000000006
23552.635000000006
23656.12750000001
23656.12750000001
23656.12750000001
23656.12750000001
23805.43500000001
23805.43500000001
23805.43500000001
23805.43500000001
23638.86
23638.86
23638.86
23638.86
23295.28500000001
23295.28500000001
23295.28500000001
23295.28500000001
22946.800000000007
22946.800000000007
22946.800000000007
22946.800000000007
22933.387500000008
22933.387500000008
22933.387500000008
22933.387500000008
23101.607500000006
23101.607500000006
23101.607500000006
23101.607500000006
22675.05250000001
22675.05250000001
22675.05250000001
22675.05250000001
22738.402500000007
22738.402500000007
22738.402500000007
22738.402500000007
22914.232500000006
22914.232500000006
22914.232500000006
22914.232500000006
22488.17250000001
22488.17250000001
22488.17250000001
22488.17250000001
21784.242500000004
21784.242500000004
21784.242500000004
21784.242500000004
21369.922500000004
21369.922500000004
21369.922500000004
21369.922500000004
21994.080000000005
21994.080000000005
21994.080000000005
21994.080000000005
22433.205000000005
22433.205000000005
22433.205000000005
22433.205000000005
22305.292500000007
22305.292500000007
22305.292500000007
22305.292500000007
22540.832500000008
22540.832500000008
22540.832500000008
22540.832500000008
22482.352500000005
22482.352500000005
22482.352500000005
22482.352500000005
21819.27500000001
21819.27500000001
21819.27500000001
21819.27500000001
21378.840000000007
21378.840000000007
21378.840000000007
21378.840000000007
21583.010000000006
21583.010000000006
21583.010000000006
21583.010000000006
21985.050000000003
21985.050000000003
21985.050000000003
21985.050000000003
22436.642500000005
22436.642500000005
22436.642500000005
22436.642500000005
22682.945000000007
22682.945000000007
22682.945000000007
22682.945000000007
22713.887500000008
22713.887500000008
22713.887500000008
22713.887500000008
22453.715000000007
22453.715000000007
22453.715000000007
22453.715000000007
22110.965000000007
22110.965000000007
22110.965000000007
22110.965000000007
21749.367500000004
21749.367500000004
21749.367500000004
21749.367500000004
22264.650000000005
22264.650000000005
22264.650000000005
22264.650000000005
22629.81000000001
22629.81000000001
22629.81000000001
22629.81000000001
22898.027500000007
22898.027500000007
22898.027500000007
22898.027500000007
23011.502500000006
23011.502500000006
23011.502500000006
23011.502500000006
23041.832500000008
23041.832500000008
23041.832500000008
23041.832500000008
23098.690000000006
23098.690000000006
23098.690000000006
23098.690000000006
23152.637500000008
23152.637500000008
23152.637500000008
23152.637500000008
22905.540000000005
22905.540000000005
22905.540000000005
22905.540000000005
23072.742500000008
23072.742500000008
23072.742500000008
23072.742500000008
23470.385000000013
23470.385000000013
23470.385000000013
23470.385000000013
23182.285000000007
23182.285000000007
23182.285000000007
23182.285000000007
23372.74750000001
23372.74750000001
23372.74750000001
23372.74750000001
23658.90250000001
23658.90250000001
23658.90250000001
23658.90250000001
24358.700000000008
24358.700000000008
24358.700000000008
24358.700000000008
24549.940000000006
24549.940000000006
24549.940000000006
24549.940000000006
24360.985
24360.985
24360.985
24360.985
24689.555000000004
24689.555000000004
24689.555000000004
24689.555000000004
24906.80000000001
24906.80000000001
24906.80000000001
24906.80000000001
24981.307500000006
24981.307500000006
24981.307500000006
24981.307500000006
24645.577500000007
24645.577500000007
24645.577500000007
24645.577500000007
25047.675000000003
25047.675000000003
25047.675000000003
25047.675000000003
24514.900000000005
24514.900000000005
24514.900000000005
24514.900000000005
24179.070000000007
24179.070000000007
24179.070000000007
24179.070000000007
23829.64000000001
23829.64000000001
23829.64000000001
23829.64000000001
23018.010000000006
23018.010000000006
23018.010000000006
23018.010000000006
23205.107500000002
23205.107500000002
23205.107500000002
23205.107500000002
22994.06750000001
22994.06750000001
22994.06750000001
22994.06750000001
22943.502500000006
22943.502500000006
22943.502500000006
22943.502500000006
23146.362500000007
23146.362500000007
23146.362500000007
23146.362500000007
23588.797500000004
23588.797500000004
23588.797500000004
23588.797500000004
23734.37250000001
23734.37250000001
23734.37250000001
23734.37250000001
23674.045000000006
23674.045000000006
23674.045000000006
23674.045000000006
23771.915
23771.915
23771.915
23771.915
23429.707500000004
23429.707500000004
23429.707500000004
23429.707500000004
23864.750000000007
23864.750000000007
23864.750000000007
23864.750000000007
23361.952500000007
23361.952500000007
23361.952500000007
23361.952500000007
23632.68750000001
23632.68750000001
23632.68750000001
23632.68750000001
22974.195000000007
22974.195000000007
22974.195000000007
22974.195000000007
22893.015000000007
22893.015000000007
22893.015000000007
22893.015000000007
23424.23250000001
23424.23250000001
23424.23250000001
23424.23250000001
23516.96750000001
23516.96750000001
23516.96750000001
23516.96750000001
23703.895000000004
23703.895000000004
23703.895000000004
23703.895000000004
24030.2625
24030.2625
24030.2625
24030.2625
23948.39500000001
23948.39500000001
23948.39500000001
23948.39500000001
24719.440000000002
24719.440000000002
24719.440000000002
24719.440000000002
24406.527500000007
24406.527500000007
24406.527500000007
24406.527500000007
24595.137500000008
24595.137500000008
24595.137500000008
24595.137500000008
24359.23750000001
24359.23750000001
24359.23750000001
24359.23750000001
24702.942500000012
24702.942500000012
24702.942500000012
24702.942500000012
24722.575000000008
24722.575000000008
24722.575000000008
24722.575000000008
24487.95250000001
24487.95250000001
24487.95250000001
24487.95250000001
23902.4775
23902.4775
23902.4775
23902.4775
23750.48500000001
23750.48500000001
23750.48500000001
23750.48500000001
24243.84750000001
24243.84750000001
24243.84750000001
24243.84750000001
24373.295000000013
24373.295000000013
24373.295000000013
24373.295000000013
24920.14250000001
24920.14250000001
24920.14250000001
24920.14250000001
26622.285000000007
26622.285000000007
26622.285000000007
26622.285000000007
27498.437500000004
27498.437500000004
27498.437500000004
27498.437500000004
27473.95250000001
27473.95250000001
27473.95250000001
27473.95250000001
28072.61500000001
28072.61500000001
28072.61500000001
28072.61500000001
27795.92000000001
27795.92000000001
27795.92000000001
27795.92000000001
27388.132500000003
27388.132500000003
27388.132500000003
27388.132500000003
27283.65750000001
27283.65750000001
27283.65750000001
27283.65750000001
27520.34250000001
27520.34250000001
27520.34250000001
27520.34250000001
27679.40750000001
27679.40750000001
27679.40750000001
27679.40750000001
27298.35500000001
27298.35500000001
27298.35500000001
27298.35500000001
26954.28250000001
26954.28250000001
26954.28250000001
26954.28250000001
26805.377500000006
26805.377500000006
26805.377500000006
26805.377500000006
26666.32500000001
26666.32500000001
26666.32500000001
26666.32500000001
26986.13250000001
26986.13250000001
26986.13250000001
26986.13250000001
25893.04500000001
25893.04500000001
25893.04500000001
25893.04500000001
24784.785000000003
24784.785000000003
23084.860000000004
23084.860000000004
24733.370000000006
24733.370000000006
24733.370000000006
24733.370000000006
25166.662500000006
25166.662500000006
25166.662500000006
25166.662500000006
24945.84250000001
24945.84250000001
24945.84250000001
24945.84250000001
24382.74750000001
24382.74750000001
24382.74750000001
24382.74750000001
24298.020000000008
24298.020000000008
24298.020000000008
24298.020000000008
24177.717500000006
24177.717500000006
24177.717500000006
24177.717500000006
23745.592500000006
23745.592500000006
23745.592500000006
23745.592500000006
22874.63
22874.63
21661.165
21661.165
21229.56750000001
21229.56750000001
21229.56750000001
21229.56750000001
21014.31750000001
21014.31750000001
21014.31750000001
21014.31750000001
20552.405000000006
20552.405000000006
21510.950000000008
21510.950000000008
21483.385000000006
21483.385000000006
21483.385000000006
21483.385000000006
21721.410000000007
21721.410000000007
21721.410000000007
21721.410000000007
20847.055000000008
20847.055000000008
20847.055000000008
20847.055000000008
21318.102500000005
21318.102500000005
21318.102500000005
21318.102500000005
22255.417500000007
22255.417500000007
22255.417500000007
22255.417500000007
22598.37500000001
22598.37500000001
22598.37500000001
22598.37500000001
22893.065000000006
22893.065000000006
22893.065000000006
22893.065000000006
22921.785000000007
22921.785000000007
22921.785000000007
22921.785000000007
22560.720000000005
22560.720000000005
22560.720000000005
22560.720000000005
22695.370000000006
22695.370000000006
22695.370000000006
22695.370000000006
22264.06750000001
22264.06750000001
22264.06750000001
22264.06750000001
22308.81750000001
22308.81750000001
22308.81750000001
22308.81750000001
22485.722500000007
22485.722500000007
22485.722500000007
22485.722500000007
22117.647500000006
22117.647500000006
22117.647500000006
22117.647500000006
22100.417500000007
22100.417500000007
22100.417500000007
22100.417500000007
21468.692500000005
21468.692500000005
21468.692500000005
21468.692500000005
21540.712500000005
21540.712500000005
21540.712500000005
21540.712500000005
21841.777500000007
21841.777500000007
21841.777500000007
21841.777500000007
21873.592500000006
21873.592500000006
21873.592500000006
21873.592500000006
20898.695000000007
20898.695000000007
20898.695000000007
20898.695000000007
19933.88000000001
19933.88000000001
19933.88000000001
19933.88000000001
19352.31000000001
19352.31000000001
19352.31000000001
19352.31000000001
18857.425000000007
18857.425000000007
18857.425000000007
18857.425000000007
18963.995000000006
18963.995000000006
18963.995000000006
18963.995000000006
19194.687500000007
19194.687500000007
19194.687500000007
19194.687500000007
18656.057500000006
18656.057500000006
18656.057500000006
18656.057500000006
19090.132500000003
19090.132500000003
19090.132500000003
19090.132500000003
19157.590000000007
19157.590000000007
19157.590000000007
19157.590000000007
19267.140000000003
19267.140000000003
19267.140000000003
19267.140000000003
19941.852500000005
19941.852500000005
19941.852500000005
19941.852500000005
19981.117500000004
19981.117500000004
19981.117500000004
19981.117500000004
20343.487500000007
20343.487500000007
20343.487500000007
20343.487500000007
20494.375000000004
20494.375000000004
20494.375000000004
20494.375000000004
20483.96250000001
20483.96250000001
20483.96250000001
20483.96250000001
20107.025000000005
20107.025000000005
20107.025000000005
20107.025000000005
20657.907500000005
20657.907500000005
20657.907500000005
20657.907500000005
21149.850000000006
21149.850000000006
21149.850000000006
21149.850000000006
21256.365000000005
21256.365000000005
21256.365000000005
21256.365000000005
21056.150000000005
21056.150000000005
21056.150000000005
21056.150000000005
20234.677500000005
20234.677500000005
20234.677500000005
20234.677500000005
19857.395000000004
19857.395000000004
19857.395000000004
19857.395000000004
19737.312500000004
19737.312500000004
19737.312500000004
19737.312500000004
19812.940000000006
19812.940000000006
19812.940000000006
19812.940000000006
20405.992500000004
20405.992500000004
20405.992500000004
20405.992500000004
20780.67000000001
20780.67000000001
20780.67000000001
20780.67000000001
20945.605000000007
20945.605000000007
20945.605000000007
20945.605000000007
20143.780000000006
20143.780000000006
20143.780000000006
20143.780000000006
20518.602500000005
20518.602500000005
20518.602500000005
20518.602500000005
19936.99750000001
19936.99750000001
19936.99750000001
19936.99750000001
20624.210000000006
20624.210000000006
20624.210000000006
20624.210000000006
20710.63250000001
20710.63250000001
20710.63250000001
20710.63250000001
21413.55250000001
21413.55250000001
21413.55250000001
21413.55250000001
21747.675000000007
21747.675000000007
21747.675000000007
21747.675000000007
21955.290000000008
21955.290000000008
21955.290000000008
21955.290000000008
21842.950000000008
21842.950000000008
21842.950000000008
21842.950000000008
22255.830000000005
22255.830000000005
22255.830000000005
22255.830000000005
22667.715000000007
22667.715000000007
22667.715000000007
22667.715000000007
22854.99000000001
22854.99000000001
22854.99000000001
22854.99000000001
22779.80250000001
22779.80250000001
22779.80250000001
22779.80250000001
22861.200000000008
22861.200000000008
22861.200000000008
22861.200000000008
23481.84500000001
23481.84500000001
23481.84500000001
23481.84500000001
23516.352500000005
23516.352500000005
23516.352500000005
23516.352500000005
23285.545000000006
23285.545000000006
23285.545000000006
23285.545000000006
23506.145000000004
23506.145000000004
23506.145000000004
23506.145000000004
23378.210000000006
23378.210000000006
23378.210000000006
23378.210000000006
