21252.489725000018
21252.489725000018
21252.489725000018
21252.489725000018
21665.869625000014
21665.869625000014
21665.869625000014
21665.869625000014
21353.850075000013
21353.850075000013
21353.850075000013
21353.850075000013
22695.452150000016
22695.452150000016
22695.452150000016
22695.452150000016
22455.895025000016
22455.895025000016
22455.895025000016
22455.895025000016
22266.848150000016
22266.848150000016
22266.848150000016
22266.848150000016
21776.527325000003
21776.527325000003
21776.527325000003
21776.527325000003
21019.51760000001
21019.51760000001
21019.51760000001
21019.51760000001
20490.779800000015
20490.779800000015
20490.779800000015
20490.779800000015
20992.845200000014
20992.845200000014
20992.845200000014
20992.845200000014
20580.745125000012
20580.745125000012
20580.745125000012
20580.745125000012
20149.42772500001
20149.42772500001
20149.42772500001
20149.42772500001
19189.00490000001
19189.00490000001
17828.194350000016
17828.194350000016
16283.719700000007
18588.10940000001
19005.25975000001
19005.25975000001
18507.364750000015
18507.364750000015
18507.364750000015
18507.364750000015
17387.59717500001
17387.59717500001
17387.59717500001
17387.59717500001
15491.295450000007
15491.295450000007
14576.589800000009
14576.589800000009
16290.00975000001
16290.00975000001
14566.375000000004
14566.375000000004
14787.930150000011
14787.930150000011
13720.879900000007
13720.879900000007
12661.682625000005
10719.592725000006
11690.637675000005
11690.637675000005
13730.797600000004
13730.797600000004
13730.797600000004
13730.797600000004
14037.705050000008
14037.705050000008
14037.705050000008
14037.705050000008
13497.49760000001
13497.49760000001
13497.49760000001
13497.49760000001
12667.332525000009
12667.332525000009
12667.332525000009
12667.332525000009
12453.022450000008
12453.022450000008
12453.022450000008
12453.022450000008
13471.814925000004
13471.814925000004
13471.814925000004
13471.814925000004
13748.302500000009
13748.302500000009
13748.302500000009
13748.302500000009
14870.107675000008
14870.107675000008
14870.107675000008
14870.107675000008
15076.92262500001
15076.92262500001
15076.92262500001
15076.92262500001
14394.53002500001
14394.53002500001
14394.53002500001
14394.53002500001
14217.760250000007
14217.760250000007
14217.760250000007
14217.760250000007
14951.785150000012
14951.785150000012
14951.785150000012
14951.785150000012
13877.987550000007
13877.987550000007
13877.987550000007
13877.987550000007
12982.812500000002
12982.812500000002
12982.812500000002
12982.812500000002
12668.834700000009
12668.834700000009
12668.834700000009
12668.834700000009
12834.31492500001
12834.31492500001
12834.31492500001
12834.31492500001
13391.552475000006
13391.552475000006
13391.552475000006
13391.552475000006
13277.109625000008
13277.109625000008
13277.109625000008
13277.109625000008
12775.972675
12775.972675
12775.972675
12775.972675
12740.760025000005
12740.760025000005
12740.760025000005
12740.760025000005
12206.502450000005
12206.502450000005
12206.502450000005
12206.502450000005
11743.132450000001
11743.132450000001
11743.132450000001
11743.132450000001
12168.065200000008
12168.065200000008
12168.065200000008
12168.065200000008
12910.972400000002
12910.972400000002
12910.972400000002
12910.972400000002
13481.564950000009
13481.564950000009
13481.564950000009
13481.564950000009
13552.310075000009
13552.310075000009
13552.310075000009
13552.310075000009
14466.99245000001
14466.99245000001
14466.99245000001
14466.99245000001
14821.57225000001
14821.57225000001
14821.57225000001
14821.57225000001
15381.58495000001
15381.58495000001
15381.58495000001
15381.58495000001
14889.842500000002
14889.842500000002
14889.842500000002
14889.842500000002
14589.645050000012
14589.645050000012
15529.66990000001
15529.66990000001
16603.672375000002
16603.672375000002
16603.672375000002
16603.672375000002
16844.409675000006
16844.409675000006
16844.409675000006
16844.409675000006
16952.334625000007
16952.334625000007
16952.334625000007
16952.334625000007
16919.905250000003
16919.905250000003
16919.905250000003
16919.905250000003
17974.415025000013
17974.415025000013
17974.415025000013
17974.415025000013
18315.002950000013
18315.002950000013
18315.002950000013
18315.002950000013
18310.16700000001
18310.16700000001
18310.16700000001
18310.16700000001
17945.657700000014
17945.657700000014
17945.657700000014
17945.657700000014
17631.567850000007
17631.567850000007
17631.567850000007
17631.567850000007
18311.662575000013
18311.662575000013
18311.662575000013
18311.662575000013
17916.825175000005
17916.825175000005
17916.825175000005
17916.825175000005
17458.602525000006
17458.602525000006
17458.602525000006
17458.602525000006
18093.13232500001
18093.13232500001
18093.13232500001
18093.13232500001
19223.797375000006
19223.797375000006
19223.797375000006
19223.797375000006
19927.087900000013
19927.087900000013
19927.087900000013
19927.087900000013
20406.792500000014
20406.792500000014
20406.792500000014
20406.792500000014
20455.927475000008
20455.927475000008
20455.927475000008
20455.927475000008
20634.395000000015
20634.395000000015
20634.395000000015
20634.395000000015
19998.892100000015
19998.892100000015
19998.892100000015
19998.892100000015
20245.40967500001
20245.40967500001
20245.40967500001
20245.40967500001
19869.594700000012
19869.594700000012
19869.594700000012
19869.594700000012
19785.839850000015
19785.839850000015
19785.839850000015
19785.839850000015
20860.907725000015
20860.907725000015
20860.907725000015
20860.907725000015
21057.105050000006
21057.105050000006
21057.105050000006
21057.105050000006
21497.324725000017
21497.324725000017
21497.324725000017
21497.324725000017
20788.615200000004
20788.615200000004
20788.615200000004
20788.615200000004
20482.817850000014
20482.817850000014
20482.817850000014
20482.817850000014
21260.372525000017
21260.372525000017
21260.372525000017
21260.372525000017
21701.282725000005
21701.282725000005
21701.282725000005
21701.282725000005
22056.417500000014
22056.417500000014
22056.417500000014
22056.417500000014
21824.712425000016
21824.712425000016
21824.712425000016
21824.712425000016
21358.847675000015
21358.847675000015
21358.847675000015
21358.847675000015
21823.854950000008
21823.854950000008
21823.854950000008
21823.854950000008
22467.452150000016
22467.452150000016
22467.452150000016
22467.452150000016
22601.824700000016
22601.824700000016
22601.824700000016
22601.824700000016
22332.512475000014
22332.512475000014
22332.512475000014
22332.512475000014
21686.56985000001
21686.56985000001
21686.56985000001
21686.56985000001
22221.414550000012
22221.414550000012
22221.414550000012
22221.414550000012
21641.80225000001
21641.80225000001
21641.80225000001
21641.80225000001
21398.652325000014
21398.652325000014
21398.652325000014
21398.652325000014
21084.089525000014
21084.089525000014
21084.089525000014
21084.089525000014
21443.649800000014
21443.649800000014
21443.649800000014
21443.649800000014
22030.807625000016
22030.807625000016
22030.807625000016
22030.807625000016
22115.31787500001
22115.31787500001
22115.31787500001
22115.31787500001
21486.185150000016
21486.185150000016
21486.185150000016
21486.185150000016
20668.142575000016
20668.142575000016
20668.142575000016
20668.142575000016
20014.160150000014
20014.160150000014
20014.160150000014
20014.160150000014
20164.71240000001
20164.71240000001
20164.71240000001
20164.71240000001
19555.417500000014
19555.417500000014
19555.417500000014
19555.417500000014
20290.185075
20290.185075
20290.185075
20290.185075
20164.712900000013
20164.712900000013
20164.712900000013
20164.712900000013
20632.52527500001
20632.52527500001
20632.52527500001
20632.52527500001
20789.159700000015
20789.159700000015
20789.159700000015
20789.159700000015
21115.229950000004
21115.229950000004
21115.229950000004
21115.229950000004
21099.449700000016
21099.449700000016
21099.449700000016
21099.449700000016
21025.77540000001
21025.77540000001
21025.77540000001
21025.77540000001
20916.752475000012
20916.752475000012
20916.752475000012
20916.752475000012
21541.092300000008
21541.092300000008
21541.092300000008
21541.092300000008
22041.382575000014
22041.382575000014
22041.382575000014
22041.382575000014
21673.21582500001
21673.21582500001
21673.21582500001
21673.21582500001
21350.980475000015
21350.980475000015
21350.980475000015
21350.980475000015
20940.342775000005
20940.342775000005
20940.342775000005
20940.342775000005
20424.795400000014
20424.795400000014
20424.795400000014
20424.795400000014
19928.922350000015
19928.922350000015
19928.922350000015
19928.922350000015
19917.66502500001
19917.66502500001
19917.66502500001
19917.66502500001
19316.8701
19316.8701
19316.8701
19316.8701
19339.9772
19339.9772
19339.9772
19339.9772
19559.615250000013
19559.615250000013
19559.615250000013
19559.615250000013
19361.567375000013
19361.567375000013
19361.567375000013
19361.567375000013
19976.942400000004
19976.942400000004
19976.942400000004
19976.942400000004
20548.82032500001
20548.82032500001
20548.82032500001
20548.82032500001
20538.057625000012
20538.057625000012
20538.057625000012
20538.057625000012
19836.447750000014
19836.447750000014
19836.447750000014
19836.447750000014
20071.844725000014
20071.844725000014
20071.844725000014
20071.844725000014
20322.74510000001
20322.74510000001
20322.74510000001
20322.74510000001
20200.670425000015
20200.670425000015
20200.670425000015
20200.670425000015
20820.400425000014
20820.400425000014
20820.400425000014
20820.400425000014
21136.950200000014
21136.950200000014
21136.950200000014
21136.950200000014
21492.149900000015
21492.149900000015
21492.149900000015
21492.149900000015
21156.240250000017
21156.240250000017
21156.240250000017
21156.240250000017
20972.23975
20972.23975
20972.23975
20972.23975
20719.497050000013
20719.497050000013
20719.497050000013
20719.497050000013
20540.245125000005
20540.245125000005
20540.245125000005
20540.245125000005
20837.539550000016
20837.539550000016
20837.539550000016
20837.539550000016
21148.872575000005
21148.872575000005
21148.872575000005
21148.872575000005
21552.699950000013
21552.699950000013
21552.699950000013
21552.699950000013
21890.094725000014
21890.094725000014
21890.094725000014
21890.094725000014
22160.129900000018
22160.129900000018
22160.129900000018
22160.129900000018
22530.314925000013
22530.314925000013
22530.314925000013
22530.314925000013
22973.107500000016
22973.107500000016
22973.107500000016
22973.107500000016
23441.930000000022
23441.930000000022
23441.930000000022
23441.930000000022
23443.847500000018
23443.847500000018
23443.847500000018
23443.847500000018
23337.660000000007
23337.660000000007
23337.660000000007
23337.660000000007
23374.842500000013
23374.842500000013
23374.842500000013
23374.842500000013
24624.662500000017
24624.662500000017
24624.662500000017
24624.662500000017
24279.025000000012
24279.025000000012
24279.025000000012
24279.025000000012
23337.745000000014
23337.745000000014
23337.745000000014
23337.745000000014
23074.897500000017
23074.897500000017
23074.897500000017
23074.897500000017
22813.72750000001
22813.72750000001
22813.72750000001
22813.72750000001
23247.700000000008
23247.700000000008
23247.700000000008
23247.700000000008
23070.200000000015
23070.200000000015
23070.200000000015
23070.200000000015
22830.865000000013
22830.865000000013
22830.865000000013
22830.865000000013
22730.725000000017
22730.725000000017
22730.725000000017
22730.725000000017
22715.059950000013
22715.059950000013
22715.059950000013
22715.059950000013
23264.4625
23264.4625
23264.4625
23264.4625
23586.61000000002
23586.61000000002
23586.61000000002
23586.61000000002
24087.887500000008
24087.887500000008
24087.887500000008
24087.887500000008
24038.092500000006
24038.092500000006
24038.092500000006
24038.092500000006
23729.515000000018
23729.515000000018
23729.515000000018
23729.515000000018
23490.0625
23490.0625
23490.0625
23490.0625
23180.927500000016
23180.927500000016
23180.927500000016
23180.927500000016
22759.105000000014
22759.105000000014
22759.105000000014
22759.105000000014
23194.667500000007
23194.667500000007
23194.667500000007
23194.667500000007
22753.10250000001
22753.10250000001
22753.10250000001
22753.10250000001
23157.877500000013
23157.877500000013
23157.877500000013
23157.877500000013
23469.355000000007
23469.355000000007
23469.355000000007
23469.355000000007
22744.987500000014
22744.987500000014
22744.987500000014
22744.987500000014
22361.620000000014
22361.620000000014
22361.620000000014
22361.620000000014
22906.552500000016
22906.552500000016
22906.552500000016
22906.552500000016
23267.765000000007
23267.765000000007
23267.765000000007
23267.765000000007
24116.74000000001
24116.74000000001
24116.74000000001
24116.74000000001
23980.290000000008
23980.290000000008
23980.290000000008
23980.290000000008
23705.625000000007
23705.625000000007
23705.625000000007
23705.625000000007
23865.495000000003
23865.495000000003
23865.495000000003
23865.495000000003
23407.83250000002
23407.83250000002
23407.83250000002
23407.83250000002
23110.942500000016
23110.942500000016
23110.942500000016
23110.942500000016
22879.427500000016
22879.427500000016
22879.427500000016
22879.427500000016
22875.370000000014
22875.370000000014
22875.370000000014
22875.370000000014
22815.455000000013
22815.455000000013
22815.455000000013
22815.455000000013
23278.325000000008
23278.325000000008
23278.325000000008
23278.325000000008
22502.02250000001
22502.02250000001
22502.02250000001
22502.02250000001
22164.292500000014
22164.292500000014
22164.292500000014
22164.292500000014
21657.750000000015
21657.750000000015
21657.750000000015
21657.750000000015
21814.252500000013
21814.252500000013
21814.252500000013
21814.252500000013
22408.10500000001
22408.10500000001
22408.10500000001
22408.10500000001
22504.575000000015
22504.575000000015
22504.575000000015
22504.575000000015
21722.400000000012
21722.400000000012
21722.400000000012
21722.400000000012
21767.020000000015
21767.020000000015
21767.020000000015
21767.020000000015
22295.160000000014
22295.160000000014
22295.160000000014
22295.160000000014
22398.287500000013
22398.287500000013
22398.287500000013
22398.287500000013
21804.225000000013
21804.225000000013
20343.815000000017
20343.815000000017
19346.295000000002
19346.295000000002
19346.295000000002
19346.295000000002
20062.200000000015
20062.200000000015
20062.200000000015
20062.200000000015
19299.522500000014
19299.522500000014
19299.522500000014
19299.522500000014
19752.330000000013
19752.330000000013
19752.330000000013
19752.330000000013
20122.08500000001
20122.08500000001
20122.08500000001
20122.08500000001
19671.032500000012
19671.032500000012
19671.032500000012
19671.032500000012
19001.7275
19001.7275
19001.7275
19001.7275
18541.75500000001
18541.75500000001
18541.75500000001
18541.75500000001
17496.490000000013
17496.490000000013
17496.490000000013
17496.490000000013
16809.755
16809.755
16809.755
16809.755
17697.370000000014
17697.370000000014
17697.370000000014
17697.370000000014
18364.99250000001
18364.99250000001
18364.99250000001
18364.99250000001
18086.92250000001
18086.92250000001
18086.92250000001
18086.92250000001
19131.302500000016
19131.302500000016
19131.302500000016
19131.302500000016
19297.085000000014
19297.085000000014
19297.085000000014
19297.085000000014
19762.4975
19762.4975
19762.4975
19762.4975
19177.600000000013
19177.600000000013
19177.600000000013
19177.600000000013
18469.900000000005
18469.900000000005
18469.900000000005
18469.900000000005
17781.7825
17781.7825
17781.7825
17781.7825
18184.307500000006
18184.307500000006
18184.307500000006
18184.307500000006
18919.830000000013
18919.830000000013
18919.830000000013
18919.830000000013
18568.402500000007
18568.402500000007
18568.402500000007
18568.402500000007
18005.735000000008
18005.735000000008
18005.735000000008
18005.735000000008
18269.220000000012
18269.220000000012
18269.220000000012
18269.220000000012
18473.950000000015
18473.950000000015
18473.950000000015
18473.950000000015
18555.160000000003
18555.160000000003
18555.160000000003
18555.160000000003
18991.46000000001
18991.46000000001
18991.46000000001
18991.46000000001
19378.107500000006
19378.107500000006
19378.107500000006
19378.107500000006
20189.617500000008
20189.617500000008
20189.617500000008
20189.617500000008
20423.310000000016
20423.310000000016
20423.310000000016
20423.310000000016
20706.492500000004
20706.492500000004
20706.492500000004
20706.492500000004
20781.167500000014
20781.167500000014
20781.167500000014
20781.167500000014
21288.527500000015
21288.527500000015
21288.527500000015
21288.527500000015
21249.167500000014
21249.167500000014
21249.167500000014
21249.167500000014
21417.530000000013
21417.530000000013
21417.530000000013
21417.530000000013
20805.755000000005
20805.755000000005
20805.755000000005
20805.755000000005
21091.595000000012
21091.595000000012
21091.595000000012
21091.595000000012
21069.407500000012
21069.407500000012
21069.407500000012
21069.407500000012
20683.857500000006
20683.857500000006
20683.857500000006
20683.857500000006
20648.892500000013
20648.892500000013
20648.892500000013
20648.892500000013
20426.857500000013
20426.857500000013
20426.857500000013
20426.857500000013
20315.535000000014
20315.535000000014
20315.535000000014
20315.535000000014
20689.397500000003
20689.397500000003
20689.397500000003
20689.397500000003
20604.61
20604.61
20604.61
20604.61
20982.335000000014
20982.335000000014
20982.335000000014
20982.335000000014
20548.997500000012
20548.997500000012
20548.997500000012
20548.997500000012
19837.112500000014
19837.112500000014
19837.112500000014
19837.112500000014
18934.980000000007
18934.980000000007
18934.980000000007
18934.980000000007
18723.992500000008
18723.992500000008
18723.992500000008
18723.992500000008
18597.6025
18597.6025
18597.6025
18597.6025
18271.950000000008
18271.950000000008
18271.950000000008
18271.950000000008
18660.385000000013
18660.385000000013
18660.385000000013
18660.385000000013
18980.922500000004
18980.922500000004
18980.922500000004
18980.922500000004
19255.867500000004
19255.867500000004
19255.867500000004
19255.867500000004
18915.822500000013
18915.822500000013
18915.822500000013
18915.822500000013
19469.88750000001
19469.88750000001
19469.88750000001
19469.88750000001
19423.345000000005
19423.345000000005
19423.345000000005
19423.345000000005
19062.38000000001
19062.38000000001
19062.38000000001
19062.38000000001
19256.530000000013
19256.530000000013
19256.530000000013
19256.530000000013
18880.147500000014
18880.147500000014
18880.147500000014
18880.147500000014
19598.99750000001
19598.99750000001
19598.99750000001
19598.99750000001
19845.715000000015
19845.715000000015
19845.715000000015
19845.715000000015
20081.582500000015
20081.582500000015
20081.582500000015
20081.582500000015
19973.680000000008
19973.680000000008
19973.680000000008
19973.680000000008
19902.08000000001
19902.08000000001
19902.08000000001
19902.08000000001
19693.145000000008
19693.145000000008
19693.145000000008
19693.145000000008
19342.04000000001
19342.04000000001
19342.04000000001
19342.04000000001
19496.107500000013
19496.107500000013
19496.107500000013
19496.107500000013
20268.205000000013
20268.205000000013
20268.205000000013
20268.205000000013
20608.335000000014
20608.335000000014
20608.335000000014
20608.335000000014
20531.067500000016
20531.067500000016
20531.067500000016
20531.067500000016
20821.2825
20821.2825
20821.2825
20821.2825
20828.792500000014
20828.792500000014
20828.792500000014
20828.792500000014
21150.272500000014
21150.272500000014
21150.272500000014
21150.272500000014
21490.922500000015
21490.922500000015
21490.922500000015
21490.922500000015
21493.530000000017
21493.530000000017
21493.530000000017
21493.530000000017
21753.325000000015
21753.325000000015
21753.325000000015
21753.325000000015
21632.39000000001
21632.39000000001
21632.39000000001
21632.39000000001
21210.207500000015
21210.207500000015
21210.207500000015
21210.207500000015
21170.947500000013
21170.947500000013
21170.947500000013
21170.947500000013
21722.170000000013
21722.170000000013
21722.170000000013
21722.170000000013
21762.73250000001
21762.73250000001
21762.73250000001
21762.73250000001
21973.990000000016
21973.990000000016
21973.990000000016
21973.990000000016
22318.365000000016
22318.365000000016
22318.365000000016
22318.365000000016
22465.517500000016
22465.517500000016
22465.517500000016
22465.517500000016
22502.605000000014
22502.605000000014
22502.605000000014
22502.605000000014
22822.507500000014
22822.507500000014
22822.507500000014
22822.507500000014
23164.145000000015
23164.145000000015
23164.145000000015
23164.145000000015
23244.195000000014
23244.195000000014
23244.195000000014
23244.195000000014
23353.11000000001
23353.11000000001
23353.11000000001
23353.11000000001
23517.135
23517.135
23517.135
23517.135
23664.577500000003
23664.577500000003
23664.577500000003
23664.577500000003
23379.20000000001
23379.20000000001
23379.20000000001
23379.20000000001
23205.130000000012
23205.130000000012
23205.130000000012
23205.130000000012
23110.165000000015
23110.165000000015
23110.165000000015
23110.165000000015
22602.080000000013
22602.080000000013
22602.080000000013
22602.080000000013
22648.325000000015
22648.325000000015
22648.325000000015
22648.325000000015
22806.377500000013
22806.377500000013
22806.377500000013
22806.377500000013
22541.522500000017
22541.522500000017
22541.522500000017
22541.522500000017
22045.94500000001
22045.94500000001
22045.94500000001
22045.94500000001
22172.205000000013
22172.205000000013
22172.205000000013
22172.205000000013
22080.675000000014
22080.675000000014
22080.675000000014
22080.675000000014
21832.350000000017
21832.350000000017
21832.350000000017
21832.350000000017
21702.735000000004
21702.735000000004
21702.735000000004
21702.735000000004
21655.885000000013
21655.885000000013
21655.885000000013
21655.885000000013
22298.787500000017
22298.787500000017
22298.787500000017
22298.787500000017
22691.357500000013
22691.357500000013
22691.357500000013
22691.357500000013
23070.692500000016
23070.692500000016
23070.692500000016
23070.692500000016
22948.932500000014
22948.932500000014
22948.932500000014
22948.932500000014
23117.910000000014
23117.910000000014
23117.910000000014
23117.910000000014
22546.882500000014
22546.882500000014
22546.882500000014
22546.882500000014
22266.29750000001
22266.29750000001
22266.29750000001
22266.29750000001
21684.262500000015
21684.262500000015
21684.262500000015
21684.262500000015
20980.670000000016
20980.670000000016
20980.670000000016
20980.670000000016
20558.932500000014
20558.932500000014
20558.932500000014
20558.932500000014
19868.087500000012
19868.087500000012
19868.087500000012
19868.087500000012
20390.407500000016
20390.407500000016
20390.407500000016
20390.407500000016
20544.417500000007
20544.417500000007
20544.417500000007
20544.417500000007
21208.720000000012
21208.720000000012
21208.720000000012
21208.720000000012
21260.060000000016
21260.060000000016
21260.060000000016
21260.060000000016
21748.050000000014
21748.050000000014
21748.050000000014
21748.050000000014
21856.510000000013
21856.510000000013
21856.510000000013
21856.510000000013
21927.390000000014
21927.390000000014
21927.390000000014
21927.390000000014
21837.517500000013
21837.517500000013
21837.517500000013
21837.517500000013
22269.837500000012
22269.837500000012
22269.837500000012
22269.837500000012
21705.995000000014
21705.995000000014
21705.995000000014
21705.995000000014
21585.170000000016
21585.170000000016
21585.170000000016
21585.170000000016
22217.292500000014
22217.292500000014
22217.292500000014
22217.292500000014
22737.592500000013
22737.592500000013
22737.592500000013
22737.592500000013
23000.370000000014
23000.370000000014
23000.370000000014
23000.370000000014
23235.775
23235.775
23235.775
23235.775
23040.752500000013
23040.752500000013
23040.752500000013
23040.752500000013
22985.105000000014
22985.105000000014
22985.105000000014
22985.105000000014
22960.190000000013
22960.190000000013
22960.190000000013
22960.190000000013
23173.73500000001
23173.73500000001
23173.73500000001
23173.73500000001
23088.257500000014
23088.257500000014
23088.257500000014
23088.257500000014
22772.607500000016
22772.607500000016
22772.607500000016
22772.607500000016
23093.070000000014
23093.070000000014
23093.070000000014
23093.070000000014
22787.332500000015
22787.332500000015
22787.332500000015
22787.332500000015
22649.897500000014
22649.897500000014
22649.897500000014
22649.897500000014
23552.635000000006
23552.635000000006
23552.635000000006
23552.635000000006
23656.127500000013
23656.127500000013
23656.127500000013
23656.127500000013
23805.43500000002
23805.43500000002
23805.43500000002
23805.43500000002
23638.86
23638.86
23638.86
23638.86
23295.285000000018
23295.285000000018
23295.285000000018
23295.285000000018
22946.800000000014
22946.800000000014
22946.800000000014
22946.800000000014
22933.387500000015
22933.387500000015
22933.387500000015
22933.387500000015
23101.607500000013
23101.607500000013
23101.607500000013
23101.607500000013
22675.052500000016
22675.052500000016
22675.052500000016
22675.052500000016
22738.402500000015
22738.402500000015
22738.402500000015
22738.402500000015
22914.232500000013
22914.232500000013
22914.232500000013
22914.232500000013
22488.17250000002
22488.17250000002
22488.17250000002
22488.17250000002
21784.242500000004
21784.242500000004
21784.242500000004
21784.242500000004
21369.92250000001
21369.92250000001
21369.92250000001
21369.92250000001
21994.080000000013
21994.080000000013
21994.080000000013
21994.080000000013
22433.205000000013
22433.205000000013
22433.205000000013
22433.205000000013
22305.292500000014
22305.292500000014
22305.292500000014
22305.292500000014
22540.832500000015
22540.832500000015
22540.832500000015
22540.832500000015
22482.35250000001
22482.35250000001
22482.35250000001
22482.35250000001
21819.275000000016
21819.275000000016
21819.275000000016
21819.275000000016
21378.840000000015
21378.840000000015
21378.840000000015
21378.840000000015
21583.01000000001
21583.01000000001
21583.01000000001
21583.01000000001
21985.050000000003
21985.050000000003
21985.050000000003
21985.050000000003
22436.642500000013
22436.642500000013
22436.642500000013
22436.642500000013
22682.945000000014
22682.945000000014
22682.945000000014
22682.945000000014
22713.887500000015
22713.887500000015
22713.887500000015
22713.887500000015
22453.715000000007
22453.715000000007
22453.715000000007
22453.715000000007
22110.965000000015
22110.965000000015
22110.965000000015
22110.965000000015
21749.36750000001
21749.36750000001
21749.36750000001
21749.36750000001
22264.650000000012
22264.650000000012
22264.650000000012
22264.650000000012
22629.810000000016
22629.810000000016
22629.810000000016
22629.810000000016
22898.027500000015
22898.027500000015
22898.027500000015
22898.027500000015
23011.502500000013
23011.502500000013
23011.502500000013
23011.502500000013
23041.832500000015
23041.832500000015
23041.832500000015
23041.832500000015
23098.690000000013
23098.690000000013
23098.690000000013
23098.690000000013
23152.637500000015
23152.637500000015
23152.637500000015
23152.637500000015
22905.54000000001
22905.54000000001
22905.54000000001
22905.54000000001
23072.742500000015
23072.742500000015
23072.742500000015
23072.742500000015
23470.38500000002
23470.38500000002
23470.38500000002
23470.38500000002
23182.285000000007
23182.285000000007
23182.285000000007
23182.285000000007
23372.747500000012
23372.747500000012
23372.747500000012
23372.747500000012
23658.902500000015
23658.902500000015
23658.902500000015
23658.902500000015
24358.700000000008
24358.700000000008
24358.700000000008
24358.700000000008
24549.940000000017
24549.940000000017
24549.940000000017
24549.940000000017
24360.985
24360.985
24360.985
24360.985
24689.555000000004
24689.555000000004
24689.555000000004
24689.555000000004
24906.800000000014
24906.800000000014
24906.800000000014
24906.800000000014
24981.30750000001
24981.30750000001
24981.30750000001
24981.30750000001
24645.577500000007
24645.577500000007
24645.577500000007
24645.577500000007
25047.675000000003
25047.675000000003
25047.675000000003
25047.675000000003
24514.900000000005
24514.900000000005
24514.900000000005
24514.900000000005
24179.070000000018
24179.070000000018
24179.070000000018
24179.070000000018
23829.640000000014
23829.640000000014
23829.640000000014
23829.640000000014
23018.010000000013
23018.010000000013
23018.010000000013
23018.010000000013
23205.107500000002
23205.107500000002
23205.107500000002
23205.107500000002
22994.067500000016
22994.067500000016
22994.067500000016
22994.067500000016
22943.502500000013
22943.502500000013
22943.502500000013
22943.502500000013
23146.362500000014
23146.362500000014
23146.362500000014
23146.362500000014
23588.797500000008
23588.797500000008
23588.797500000008
23588.797500000008
23734.37250000001
23734.37250000001
23734.37250000001
23734.37250000001
23674.045000000006
23674.045000000006
23674.045000000006
23674.045000000006
23771.915
23771.915
23771.915
23771.915
23429.707500000008
23429.707500000008
23429.707500000008
23429.707500000008
23864.750000000007
23864.750000000007
23864.750000000007
23864.750000000007
23361.952500000014
23361.952500000014
23361.952500000014
23361.952500000014
23632.687500000015
23632.687500000015
23632.687500000015
23632.687500000015
22974.195000000014
22974.195000000014
22974.195000000014
22974.195000000014
22893.015000000014
22893.015000000014
22893.015000000014
22893.015000000014
23424.232500000016
23424.232500000016
23424.232500000016
23424.232500000016
23516.967500000017
23516.967500000017
23516.967500000017
23516.967500000017
23703.895000000004
23703.895000000004
23703.895000000004
23703.895000000004
24030.2625
24030.2625
24030.2625
24030.2625
23948.39500000002
23948.39500000002
23948.39500000002
23948.39500000002
24719.440000000002
24719.440000000002
24719.440000000002
24719.440000000002
24406.527500000015
24406.527500000015
24406.527500000015
24406.527500000015
24595.137500000015
24595.137500000015
24595.137500000015
24595.137500000015
24359.237500000017
24359.237500000017
24359.237500000017
24359.237500000017
24702.942500000012
24702.942500000012
24702.942500000012
24702.942500000012
24722.57500000001
24722.57500000001
24722.57500000001
24722.57500000001
24487.952500000014
24487.952500000014
24487.952500000014
24487.952500000014
23902.4775
23902.4775
23902.4775
23902.4775
23750.48500000001
23750.48500000001
23750.48500000001
23750.48500000001
24243.847500000018
24243.847500000018
24243.847500000018
24243.847500000018
24373.29500000002
24373.29500000002
24373.29500000002
24373.29500000002
24920.142500000016
24920.142500000016
24920.142500000016
24920.142500000016
26622.285000000018
26622.285000000018
26622.285000000018
26622.285000000018
27498.437500000015
27498.437500000015
27498.437500000015
27498.437500000015
27473.952500000014
27473.952500000014
27473.952500000014
27473.952500000014
28072.61500000002
28072.61500000002
28072.61500000002
28072.61500000002
27795.920000000016
27795.920000000016
27795.920000000016
27795.920000000016
27388.132500000014
27388.132500000014
27388.132500000014
27388.132500000014
27283.657500000016
27283.657500000016
27283.657500000016
27283.657500000016
27520.34250000002
27520.34250000002
27520.34250000002
27520.34250000002
27679.40750000001
27679.40750000001
27679.40750000001
27679.40750000001
27298.35500000002
27298.35500000002
27298.35500000002
27298.35500000002
26954.28250000002
26954.28250000002
26954.28250000002
26954.28250000002
26805.37750000001
26805.37750000001
26805.37750000001
26805.37750000001
26666.32500000002
26666.32500000002
26666.32500000002
26666.32500000002
26986.13250000002
26986.13250000002
26986.13250000002
26986.13250000002
25893.045000000013
25893.045000000013
25893.045000000013
25893.045000000013
24784.78500000001
24784.78500000001
23084.86000000001
23084.86000000001
24733.37000000001
24733.37000000001
24733.37000000001
24733.37000000001
25166.662500000017
25166.662500000017
25166.662500000017
25166.662500000017
24945.842500000013
24945.842500000013
24945.842500000013
24945.842500000013
24382.747500000012
24382.747500000012
24382.747500000012
24382.747500000012
24298.020000000008
24298.020000000008
24298.020000000008
24298.020000000008
24177.717500000006
24177.717500000006
24177.717500000006
24177.717500000006
23745.59250000001
23745.59250000001
23745.59250000001
23745.59250000001
22874.630000000012
22874.630000000012
21661.16500000001
21661.16500000001
21229.567500000016
21229.567500000016
21229.567500000016
21229.567500000016
21014.31750000001
21014.31750000001
21014.31750000001
21014.31750000001
20552.405000000013
20552.405000000013
21510.950000000015
21510.950000000015
21483.385000000006
21483.385000000006
21483.385000000006
21483.385000000006
21721.410000000014
21721.410000000014
21721.410000000014
21721.410000000014
20847.055000000015
20847.055000000015
20847.055000000015
20847.055000000015
21318.10250000001
21318.10250000001
21318.10250000001
21318.10250000001
22255.417500000014
22255.417500000014
22255.417500000014
22255.417500000014
22598.37500000002
22598.37500000002
22598.37500000002
22598.37500000002
22893.065000000013
22893.065000000013
22893.065000000013
22893.065000000013
22921.785000000014
22921.785000000014
22921.785000000014
22921.785000000014
22560.720000000012
22560.720000000012
22560.720000000012
22560.720000000012
22695.370000000014
22695.370000000014
22695.370000000014
22695.370000000014
22264.067500000016
22264.067500000016
22264.067500000016
22264.067500000016
22308.817500000016
22308.817500000016
22308.817500000016
22308.817500000016
22485.722500000014
22485.722500000014
22485.722500000014
22485.722500000014
22117.647500000014
22117.647500000014
22117.647500000014
22117.647500000014
22100.417500000014
22100.417500000014
22100.417500000014
22100.417500000014
21468.692500000012
21468.692500000012
21468.692500000012
21468.692500000012
21540.712500000005
21540.712500000005
21540.712500000005
21540.712500000005
21841.777500000015
21841.777500000015
21841.777500000015
21841.777500000015
21873.592500000013
21873.592500000013
21873.592500000013
21873.592500000013
20898.695000000007
20898.695000000007
20898.695000000007
20898.695000000007
19933.880000000016
19933.880000000016
19933.880000000016
19933.880000000016
19352.310000000016
19352.310000000016
19352.310000000016
19352.310000000016
18857.42500000001
18857.42500000001
18857.42500000001
18857.42500000001
18963.995000000014
18963.995000000014
18963.995000000014
18963.995000000014
19194.687500000007
19194.687500000007
19194.687500000007
19194.687500000007
18656.057500000014
18656.057500000014
18656.057500000014
18656.057500000014
19090.132500000003
19090.132500000003
19090.132500000003
19090.132500000003
19157.590000000015
19157.590000000015
19157.590000000015
19157.590000000015
19267.14000000001
19267.14000000001
19267.14000000001
19267.14000000001
19941.85250000001
19941.85250000001
19941.85250000001
19941.85250000001
19981.11750000001
19981.11750000001
19981.11750000001
19981.11750000001
20343.487500000014
20343.487500000014
20343.487500000014
20343.487500000014
20494.37500000001
20494.37500000001
20494.37500000001
20494.37500000001
20483.96250000001
20483.96250000001
20483.96250000001
20483.96250000001
20107.025000000012
20107.025000000012
20107.025000000012
20107.025000000012
20657.907500000012
20657.907500000012
20657.907500000012
20657.907500000012
21149.85000000001
21149.85000000001
21149.85000000001
21149.85000000001
21256.365000000013
21256.365000000013
21256.365000000013
21256.365000000013
21056.150000000012
21056.150000000012
21056.150000000012
21056.150000000012
20234.677500000013
20234.677500000013
20234.677500000013
20234.677500000013
19857.395000000004
19857.395000000004
19857.395000000004
19857.395000000004
19737.312500000004
19737.312500000004
19737.312500000004
19737.312500000004
19812.940000000013
19812.940000000013
19812.940000000013
19812.940000000013
20405.99250000001
20405.99250000001
20405.99250000001
20405.99250000001
20780.670000000013
20780.670000000013
20780.670000000013
20780.670000000013
20945.605000000014
20945.605000000014
20945.605000000014
20945.605000000014
20143.780000000013
20143.780000000013
20143.780000000013
20143.780000000013
20518.60250000001
20518.60250000001
20518.60250000001
20518.60250000001
19936.997500000016
19936.997500000016
19936.997500000016
19936.997500000016
20624.210000000014
20624.210000000014
20624.210000000014
20624.210000000014
20710.632500000018
20710.632500000018
20710.632500000018
20710.632500000018
21413.552500000016
21413.552500000016
21413.552500000016
21413.552500000016
21747.675000000014
21747.675000000014
21747.675000000014
21747.675000000014
21955.290000000015
21955.290000000015
21955.290000000015
21955.290000000015
21842.95000000001
21842.95000000001
21842.95000000001
21842.95000000001
22255.830000000013
22255.830000000013
22255.830000000013
22255.830000000013
22667.715000000015
22667.715000000015
22667.715000000015
22667.715000000015
22854.990000000016
22854.990000000016
22854.990000000016
22854.990000000016
22779.802500000016
22779.802500000016
22779.802500000016
22779.802500000016
22861.200000000015
22861.200000000015
22861.200000000015
22861.200000000015
23481.84500000002
23481.84500000002
23481.84500000002
23481.84500000002
23516.35250000001
23516.35250000001
23516.35250000001
23516.35250000001
23285.545000000016
23285.545000000016
23285.545000000016
23285.545000000016
23506.145000000004
23506.145000000004
23506.145000000004
23506.145000000004
23378.210000000014
23378.210000000014
23378.210000000014
23378.210000000014
