21719.13572500001
21719.13572500001
21719.13572500001
21719.13572500001
22140.125025000012
22140.125025000012
22140.125025000012
22140.125025000012
21720.472200000015
21720.472200000015
21720.472200000015
21720.472200000015
22959.965325000016
22959.965325000016
22959.965325000016
22959.965325000016
22680.549325000015
22680.549325000015
22680.549325000015
22680.549325000015
22674.667475000013
22674.667475000013
22674.667475000013
22674.667475000013
22299.982450000014
22299.982450000014
22299.982450000014
22299.982450000014
21427.385250000014
21427.385250000014
21427.385250000014
21427.385250000014
20936.14992500001
20936.14992500001
20936.14992500001
20936.14992500001
21414.88280000001
21414.88280000001
21414.88280000001
21414.88280000001
20920.97267500001
20920.97267500001
20920.97267500001
20920.97267500001
20413.745125000012
20413.745125000012
20413.745125000012
20413.745125000012
19690.185550000002
19690.185550000002
18618.844750000004
18618.844750000004
17849.970700000013
19327.730500000012
19585.889650000012
19585.889650000012
19053.909675000014
19053.909675000014
19053.909675000014
19053.909675000014
17870.84227500001
17870.84227500001
17870.84227500001
17870.84227500001
15924.92235000001
15924.92235000001
15191.98730000001
16657.85740000001
16875.070300000007
16875.070300000007
15265.29490000001
15265.29490000001
15465.049800000012
15465.049800000012
15161.690400000009
14032.25000000001
13029.79735
13029.79735
13029.79735
13029.79735
14470.337400000008
14470.337400000008
14470.337400000008
14470.337400000008
15318.477550000007
14082.407250000007
14700.442400000007
14700.442400000007
14554.944850000003
14554.944850000003
13561.320350000007
13561.320350000007
13550.845200000003
13550.845200000003
12738.944850000002
12738.944850000002
13054.015150000001
13054.015150000001
13054.015150000001
13054.015150000001
13898.64015000001
13898.64015000001
13898.64015000001
13898.64015000001
14145.482400000006
14145.482400000006
13560.617150000005
14730.347650000007
15489.60497500001
15489.60497500001
15489.60497500001
15489.60497500001
15427.465100000009
15427.465100000009
15427.465100000009
15427.465100000009
15335.855000000007
15335.855000000007
14396.225100000003
14396.225100000003
14603.852300000008
14603.852300000008
14603.852300000008
14603.852300000008
15433.569850000009
15433.569850000009
15433.569850000009
15433.569850000009
14280.95485000001
14280.95485000001
14280.95485000001
14280.95485000001
13351.010000000004
13351.010000000004
13351.010000000004
13351.010000000004
12988.165025000004
12988.165025000004
12988.165025000004
12988.165025000004
13201.082500000002
13201.082500000002
13201.082500000002
13201.082500000002
13748.66747500001
13748.66747500001
13748.66747500001
13748.66747500001
13553.705075000005
13553.705075000005
13553.705075000005
13553.705075000005
13024.824950000011
13024.824950000011
13024.824950000011
13024.824950000011
13060.560075000003
13060.560075000003
13060.560075000003
13060.560075000003
12670.159900000004
12670.159900000004
12670.159900000004
12670.159900000004
12077.372525000006
12077.372525000006
12077.372525000006
12077.372525000006
12442.892325000004
12442.892325000004
12442.892325000004
12442.892325000004
13189.145025000002
13189.145025000002
13189.145025000002
13189.145025000002
13857.24242500001
13857.24242500001
13857.24242500001
13857.24242500001
13908.952650000008
13908.952650000008
13908.952650000008
13908.952650000008
14829.994875000013
14829.994875000013
14829.994875000013
14829.994875000013
15242.324950000011
15242.324950000011
15242.324950000011
15242.324950000011
15786.064950000007
15786.064950000007
15786.064950000007
15786.064950000007
15286.662850000008
15286.662850000008
15286.662850000008
15286.662850000008
15031.14505000001
15031.14505000001
15987.204550000013
15987.204550000013
17052.667475000002
17052.667475000002
17052.667475000002
17052.667475000002
17231.94287500001
17231.94287500001
17231.94287500001
17231.94287500001
17303.957475000003
17303.957475000003
17303.957475000003
17303.957475000003
17315.707525000005
17315.707525000005
17315.707525000005
17315.707525000005
18105.904300000002
18105.904300000002
18906.205100000003
18906.205100000003
18712.105450000014
18712.105450000014
18712.105450000014
18712.105450000014
18827.642575000013
18827.642575000013
18827.642575000013
18827.642575000013
18378.147950000002
18378.147950000002
18378.147950000002
18378.147950000002
18002.242175000003
18002.242175000003
18002.242175000003
18002.242175000003
18649.904800000004
18649.904800000004
18649.904800000004
18649.904800000004
18358.36277500001
18358.36277500001
18358.36277500001
18358.36277500001
17779.9824
17779.9824
17779.9824
17779.9824
18435.454600000015
18435.454600000015
18435.454600000015
18435.454600000015
19643.55225000001
19643.55225000001
19643.55225000001
19643.55225000001
20414.177275000013
20414.177275000013
20414.177275000013
20414.177275000013
20771.452175000013
20771.452175000013
20771.452175000013
20771.452175000013
20917.692925000014
20917.692925000014
20917.692925000014
20917.692925000014
20948.75000000001
20948.75000000001
20948.75000000001
20948.75000000001
20424.779800000015
20424.779800000015
20424.779800000015
20424.779800000015
20535.557600000015
20535.557600000015
20535.557600000015
20535.557600000015
20140.600600000016
20140.600600000016
20140.600600000016
20140.600600000016
19717.049800000008
19717.049800000008
20540.594750000007
20540.594750000007
21211.865225000016
21211.865225000016
21211.865225000016
21211.865225000016
21356.785000000014
21356.785000000014
21356.785000000014
21356.785000000014
21735.805650000013
21735.805650000013
21735.805650000013
21735.805650000013
21095.430200000013
21095.430200000013
21095.430200000013
21095.430200000013
20718.87255000001
20718.87255000001
20718.87255000001
20718.87255000001
21515.95752500001
21515.95752500001
21515.95752500001
21515.95752500001
21991.482425000013
21991.482425000013
21991.482425000013
21991.482425000013
22343.932600000015
22343.932600000015
22343.932600000015
22343.932600000015
22098.165050000014
22098.165050000014
22098.165050000014
22098.165050000014
21742.765125000016
21742.765125000016
21742.765125000016
21742.765125000016
22062.967275000014
22062.967275000014
22062.967275000014
22062.967275000014
22733.849625000013
22733.849625000013
22733.849625000013
22733.849625000013
22894.832500000015
22894.832500000015
22894.832500000015
22894.832500000015
22706.800375000013
22706.800375000013
22706.800375000013
22706.800375000013
22044.830100000014
22044.830100000014
22044.830100000014
22044.830100000014
22476.337375000014
22476.337375000014
22476.337375000014
22476.337375000014
22096.450175000016
22096.450175000016
22096.450175000016
22096.450175000016
21721.787150000004
21721.787150000004
21721.787150000004
21721.787150000004
21334.832275000015
21334.832275000015
21334.832275000015
21334.832275000015
21713.85782500001
21713.85782500001
21713.85782500001
21713.85782500001
22346.171900000012
22346.171900000012
22346.171900000012
22346.171900000012
22400.824700000016
22400.824700000016
22400.824700000016
22400.824700000016
21776.287200000017
21776.287200000017
21776.287200000017
21776.287200000017
21048.127425000013
21048.127425000013
21048.127425000013
21048.127425000013
20416.544925000013
20416.544925000013
20416.544925000013
20416.544925000013
20530.725075000013
20530.725075000013
20530.725075000013
20530.725075000013
19829.142100000015
19829.142100000015
19829.142100000015
19829.142100000015
20498.234875000016
20498.234875000016
20498.234875000016
20498.234875000016
20496.04245000001
20496.04245000001
20496.04245000001
20496.04245000001
20831.467400000012
20831.467400000012
20831.467400000012
20831.467400000012
21023.620125000012
21023.620125000012
21023.620125000012
21023.620125000012
21291.077625
21291.077625
21291.077625
21291.077625
21298.580075000013
21298.580075000013
21298.580075000013
21298.580075000013
21231.50245000001
21231.50245000001
21231.50245000001
21231.50245000001
21174.227425000016
21174.227425000016
21174.227425000016
21174.227425000016
21719.780300000017
21719.780300000017
21719.780300000017
21719.780300000017
22280.25000000001
22280.25000000001
22280.25000000001
22280.25000000001
21919.94042500001
21919.94042500001
21919.94042500001
21919.94042500001
21568.092275000014
21568.092275000014
21568.092275000014
21568.092275000014
21133.49020000001
21133.49020000001
21133.49020000001
21133.49020000001
20676.919925000013
20676.919925000013
20676.919925000013
20676.919925000013
20291.459475000014
20291.459475000014
20291.459475000014
20291.459475000014
20179.647475000005
20179.647475000005
20179.647475000005
20179.647475000005
19654.704625000013
19654.704625000013
19654.704625000013
19654.704625000013
19632.972500000014
19632.972500000014
19632.972500000014
19632.972500000014
19790.825200000007
19790.825200000007
19790.825200000007
19790.825200000007
19605.35742500001
19605.35742500001
19605.35742500001
19605.35742500001
20110.525375000016
20110.525375000016
20110.525375000016
20110.525375000016
20769.430175000012
20769.430175000012
20769.430175000012
20769.430175000012
20816.250500000013
20816.250500000013
20816.250500000013
20816.250500000013
20075.667475000006
20075.667475000006
20075.667475000006
20075.667475000006
20285.56250000001
20285.56250000001
20285.56250000001
20285.56250000001
20557.74755000001
20557.74755000001
20557.74755000001
20557.74755000001
20404.302725000012
20404.302725000012
20404.302725000012
20404.302725000012
21004.81495000001
21004.81495000001
21004.81495000001
21004.81495000001
21319.010250000014
21319.010250000014
21319.010250000014
21319.010250000014
21692.180200000013
21692.180200000013
21692.180200000013
21692.180200000013
21434.870125
21434.870125
21434.870125
21434.870125
21236.482400000004
21236.482400000004
21236.482400000004
21236.482400000004
20909.30762500001
20909.30762500001
20909.30762500001
20909.30762500001
20694.060075000012
20694.060075000012
20694.060075000012
20694.060075000012
21003.622075000014
21003.622075000014
21003.622075000014
21003.622075000014
21307.852550000014
21307.852550000014
21307.852550000014
21307.852550000014
21756.012275
21756.012275
21756.012275
21756.012275
22086.432125000014
22086.432125000014
22086.432125000014
22086.432125000014
22343.422375000013
22343.422375000013
22343.422375000013
22343.422375000013
22699.809975000015
22699.809975000015
22699.809975000015
22699.809975000015
23161.732500000016
23161.732500000016
23161.732500000016
23161.732500000016
23729.387500000004
23729.387500000004
23729.387500000004
23729.387500000004
23715.57250000001
23715.57250000001
23715.57250000001
23715.57250000001
23627.18000000001
23627.18000000001
23627.18000000001
23627.18000000001
23691.927500000013
23691.927500000013
23691.927500000013
23691.927500000013
24858.440000000013
24858.440000000013
24858.440000000013
24858.440000000013
24642.73000000002
24642.73000000002
24642.73000000002
24642.73000000002
23765.350000000006
23765.350000000006
23765.350000000006
23765.350000000006
23341.212500000005
23341.212500000005
23341.212500000005
23341.212500000005
23205.162500000002
23205.162500000002
23205.162500000002
23205.162500000002
23568.49000000002
23568.49000000002
23568.49000000002
23568.49000000002
23334.05000000001
23334.05000000001
23334.05000000001
23334.05000000001
23137.362500000014
23137.362500000014
23137.362500000014
23137.362500000014
23013.517500000013
23013.517500000013
23013.517500000013
23013.517500000013
22931.467500000017
22931.467500000017
22931.467500000017
22931.467500000017
23503.79250000001
23503.79250000001
23503.79250000001
23503.79250000001
23845.41250000001
23845.41250000001
23845.41250000001
23845.41250000001
24314.625000000022
24314.625000000022
24314.625000000022
24314.625000000022
24298.722500000003
24298.722500000003
24298.722500000003
24298.722500000003
23992.365000000005
23992.365000000005
23992.365000000005
23992.365000000005
23689.812500000022
23689.812500000022
23689.812500000022
23689.812500000022
23564.87250000001
23564.87250000001
23564.87250000001
23564.87250000001
23084.402500000015
23084.402500000015
23084.402500000015
23084.402500000015
23422.7975
23422.7975
23422.7975
23422.7975
23143.010000000013
23143.010000000013
23143.010000000013
23143.010000000013
23357.295
23357.295
23357.295
23357.295
23744.077500000018
23744.077500000018
23744.077500000018
23744.077500000018
23196.455000000005
23196.455000000005
23196.455000000005
23196.455000000005
22612.690000000013
22612.690000000013
22612.690000000013
22612.690000000013
23085.260000000013
23085.260000000013
23085.260000000013
23085.260000000013
23521.882500000014
23521.882500000014
23521.882500000014
23521.882500000014
24331.00750000001
24331.00750000001
24331.00750000001
24331.00750000001
24220.025000000005
24220.025000000005
24220.025000000005
24220.025000000005
23985.4
23985.4
23985.4
23985.4
24162.085000000006
24162.085000000006
24162.085000000006
24162.085000000006
23666.08500000001
23666.08500000001
23666.08500000001
23666.08500000001
23309.282500000005
23309.282500000005
23309.282500000005
23309.282500000005
23113.817500000016
23113.817500000016
23113.817500000016
23113.817500000016
23047.042500000014
23047.042500000014
23047.042500000014
23047.042500000014
23029.827500000014
23029.827500000014
23029.827500000014
23029.827500000014
23517.625000000007
23517.625000000007
23517.625000000007
23517.625000000007
22752.170000000013
22752.170000000013
22752.170000000013
22752.170000000013
22453.795000000013
22453.795000000013
22453.795000000013
22453.795000000013
21947.900000000012
21947.900000000012
21947.900000000012
21947.900000000012
22098.307500000014
22098.307500000014
22098.307500000014
22098.307500000014
22585.100000000017
22585.100000000017
22585.100000000017
22585.100000000017
22719.630000000016
22719.630000000016
22719.630000000016
22719.630000000016
21986.960000000014
21986.960000000014
21986.960000000014
21986.960000000014
22028.732500000016
22028.732500000016
22028.732500000016
22028.732500000016
22499.062500000015
22499.062500000015
22499.062500000015
22499.062500000015
22656.715000000015
22656.715000000015
22656.715000000015
22656.715000000015
22064.49500000001
22064.49500000001
20795.11500000001
20795.11500000001
19987.280000000013
19987.280000000013
19987.280000000013
19987.280000000013
20385.702500000014
20385.702500000014
20385.702500000014
20385.702500000014
19758.200000000015
19758.200000000015
19758.200000000015
19758.200000000015
19995.915000000008
19995.915000000008
19995.915000000008
19995.915000000008
20485.885000000006
20485.885000000006
20485.885000000006
20485.885000000006
20011.432500000014
20011.432500000014
20011.432500000014
20011.432500000014
19368.580000000013
19368.580000000013
19368.580000000013
19368.580000000013
18905.780000000013
18905.780000000013
18905.780000000013
18905.780000000013
17946.425000000003
17946.425000000003
17946.425000000003
17946.425000000003
17286.570000000003
17286.570000000003
17286.570000000003
17286.570000000003
18132.000000000015
18132.000000000015
18132.000000000015
18132.000000000015
18686.06500000001
18686.06500000001
18686.06500000001
18686.06500000001
18383.42250000001
18383.42250000001
18383.42250000001
18383.42250000001
19044.155000000013
19044.155000000013
19982.78500000001
19982.78500000001
19785.30250000001
19785.30250000001
19785.30250000001
19785.30250000001
20011.667500000014
20011.667500000014
20011.667500000014
20011.667500000014
19366.540000000005
19366.540000000005
19366.540000000005
19366.540000000005
19221.035000000014
19221.035000000014
18427.490000000005
18427.490000000005
18036.100000000013
18036.100000000013
18036.100000000013
18036.100000000013
18427.625000000004
18427.625000000004
18427.625000000004
18427.625000000004
19155.44750000001
19155.44750000001
19155.44750000001
19155.44750000001
18840.825000000008
18840.825000000008
18840.825000000008
18840.825000000008
18273.212500000005
18273.212500000005
18273.212500000005
18273.212500000005
18442.162500000002
18442.162500000002
18442.162500000002
18442.162500000002
18605.752500000006
18605.752500000006
18605.752500000006
18605.752500000006
18865.2025
18865.2025
18865.2025
18865.2025
19188.97000000001
19188.97000000001
19188.97000000001
19188.97000000001
19598.600000000013
19598.600000000013
19598.600000000013
19598.600000000013
20430.997500000005
20430.997500000005
20430.997500000005
20430.997500000005
20639.637500000015
20639.637500000015
20639.637500000015
20639.637500000015
20993.447500000006
20993.447500000006
20993.447500000006
20993.447500000006
21080.840000000015
21080.840000000015
21080.840000000015
21080.840000000015
21526.282500000012
21526.282500000012
21526.282500000012
21526.282500000012
21514.047500000015
21514.047500000015
21514.047500000015
21514.047500000015
21641.052500000016
21641.052500000016
21641.052500000016
21641.052500000016
21098.770000000015
21098.770000000015
21098.770000000015
21098.770000000015
21361.44500000001
21361.44500000001
21361.44500000001
21361.44500000001
21361.037500000013
21361.037500000013
21361.037500000013
21361.037500000013
20872.757500000018
20872.757500000018
20872.757500000018
20872.757500000018
20834.847500000014
20834.847500000014
20834.847500000014
20834.847500000014
20655.55500000001
20655.55500000001
20655.55500000001
20655.55500000001
20473.382500000018
20473.382500000018
20473.382500000018
20473.382500000018
20902.95000000001
20902.95000000001
20902.95000000001
20902.95000000001
20830.370000000014
20830.370000000014
20830.370000000014
20830.370000000014
21169.410000000014
21169.410000000014
21169.410000000014
21169.410000000014
20716.032500000016
20716.032500000016
20716.032500000016
20716.032500000016
20106.54750000001
20106.54750000001
20106.54750000001
20106.54750000001
19261.68750000001
19261.68750000001
19261.68750000001
19261.68750000001
18910.68750000001
18910.68750000001
18910.68750000001
18910.68750000001
18867.952500000018
18867.952500000018
18867.952500000018
18867.952500000018
18477.410000000014
18477.410000000014
18477.410000000014
18477.410000000014
18887.045000000016
18887.045000000016
18887.045000000016
18887.045000000016
19199.94500000001
19199.94500000001
19199.94500000001
19199.94500000001
19408.965000000015
19408.965000000015
19408.965000000015
19408.965000000015
19146.22000000001
19146.22000000001
19146.22000000001
19146.22000000001
19745.105000000003
19745.105000000003
19745.105000000003
19745.105000000003
19633.512500000008
19633.512500000008
19633.512500000008
19633.512500000008
19315.475000000006
19315.475000000006
19315.475000000006
19315.475000000006
19492.007500000003
19492.007500000003
19492.007500000003
19492.007500000003
19085.722500000007
19085.722500000007
19085.722500000007
19085.722500000007
19779.852500000005
19779.852500000005
19779.852500000005
19779.852500000005
20017.75000000001
20017.75000000001
20017.75000000001
20017.75000000001
20252.590000000015
20252.590000000015
20252.590000000015
20252.590000000015
20135.910000000003
20135.910000000003
20135.910000000003
20135.910000000003
20050.43750000001
20050.43750000001
20050.43750000001
20050.43750000001
19829.1325
19829.1325
19829.1325
19829.1325
19516.32
19516.32
19516.32
19516.32
19720.692500000016
19720.692500000016
19720.692500000016
19720.692500000016
20417.887500000015
20417.887500000015
20417.887500000015
20417.887500000015
20808.277500000015
20808.277500000015
20808.277500000015
20808.277500000015
20741.457500000015
20741.457500000015
20741.457500000015
20741.457500000015
20966.03000000001
20966.03000000001
20966.03000000001
20966.03000000001
21007.517500000013
21007.517500000013
21007.517500000013
21007.517500000013
21280.205000000013
21280.205000000013
21280.205000000013
21280.205000000013
21674.87500000001
21674.87500000001
21674.87500000001
21674.87500000001
21706.08500000001
21706.08500000001
21706.08500000001
21706.08500000001
21943.007500000014
21943.007500000014
21943.007500000014
21943.007500000014
21876.512500000015
21876.512500000015
21876.512500000015
21876.512500000015
21399.225000000013
21399.225000000013
21399.225000000013
21399.225000000013
21379.212500000012
21379.212500000012
21379.212500000012
21379.212500000012
21921.920000000016
21921.920000000016
21921.920000000016
21921.920000000016
22003.847500000007
22003.847500000007
22003.847500000007
22003.847500000007
22213.62000000001
22213.62000000001
22213.62000000001
22213.62000000001
22460.47750000001
22460.47750000001
22460.47750000001
22460.47750000001
22633.510000000013
22633.510000000013
22633.510000000013
22633.510000000013
22630.805000000015
22630.805000000015
22630.805000000015
22630.805000000015
23030.69750000002
23030.69750000002
23030.69750000002
23030.69750000002
23318.057500000017
23318.057500000017
23318.057500000017
23318.057500000017
23480.572500000013
23480.572500000013
23480.572500000013
23480.572500000013
23535.26250000002
23535.26250000002
23535.26250000002
23535.26250000002
23687.9
23687.9
23687.9
23687.9
23789.615
23789.615
23789.615
23789.615
23617.610000000008
23617.610000000008
23617.610000000008
23617.610000000008
23370.34000000002
23370.34000000002
23370.34000000002
23370.34000000002
23317.197500000006
23317.197500000006
23317.197500000006
23317.197500000006
22787.937500000015
22787.937500000015
22787.937500000015
22787.937500000015
22893.842500000013
22893.842500000013
22893.842500000013
22893.842500000013
23029.837500000016
23029.837500000016
23029.837500000016
23029.837500000016
22904.67250000001
22904.67250000001
22904.67250000001
22904.67250000001
22277.615000000005
22277.615000000005
22277.615000000005
22277.615000000005
22364.697500000013
22364.697500000013
22364.697500000013
22364.697500000013
22399.46500000001
22399.46500000001
22399.46500000001
22399.46500000001
22010.455000000013
22010.455000000013
22010.455000000013
22010.455000000013
21949.055000000015
21949.055000000015
21949.055000000015
21949.055000000015
21963.097500000014
21963.097500000014
21963.097500000014
21963.097500000014
22505.075000000015
22505.075000000015
22505.075000000015
22505.075000000015
22858.872500000016
22858.872500000016
22858.872500000016
22858.872500000016
23253.255000000016
23253.255000000016
23253.255000000016
23253.255000000016
23179.512500000015
23179.512500000015
23179.512500000015
23179.512500000015
23376.340000000004
23376.340000000004
23376.340000000004
23376.340000000004
22828.790000000015
22828.790000000015
22828.790000000015
22828.790000000015
22526.855000000014
22526.855000000014
22526.855000000014
22526.855000000014
21917.197500000013
21917.197500000013
21917.197500000013
21917.197500000013
21284.675000000014
21284.675000000014
21284.675000000014
21284.675000000014
20889.955000000013
20889.955000000013
20889.955000000013
20889.955000000013
20290.270000000004
20290.270000000004
20290.270000000004
20290.270000000004
20736.342500000017
20736.342500000017
20736.342500000017
20736.342500000017
20843.230000000014
20843.230000000014
20843.230000000014
20843.230000000014
21452.937500000015
21452.937500000015
21452.937500000015
21452.937500000015
21464.167500000014
21464.167500000014
21464.167500000014
21464.167500000014
21982.62500000001
21982.62500000001
21982.62500000001
21982.62500000001
22052.190000000013
22052.190000000013
22052.190000000013
22052.190000000013
22119.800000000014
22119.800000000014
22119.800000000014
22119.800000000014
22110.947500000013
22110.947500000013
22110.947500000013
22110.947500000013
22598.18750000002
22598.18750000002
22598.18750000002
22598.18750000002
22033.655000000017
22033.655000000017
22033.655000000017
22033.655000000017
21778.497500000005
21778.497500000005
21778.497500000005
21778.497500000005
22454.545000000016
22454.545000000016
22454.545000000016
22454.545000000016
22915.470000000016
22915.470000000016
22915.470000000016
22915.470000000016
23130.012500000015
23130.012500000015
23130.012500000015
23130.012500000015
23390.01750000001
23390.01750000001
23390.01750000001
23390.01750000001
23208.275000000016
23208.275000000016
23208.275000000016
23208.275000000016
23171.49000000001
23171.49000000001
23171.49000000001
23171.49000000001
23178.762500000004
23178.762500000004
23178.762500000004
23178.762500000004
23370.945000000014
23370.945000000014
23370.945000000014
23370.945000000014
23350.887500000004
23350.887500000004
23350.887500000004
23350.887500000004
22995.980000000014
22995.980000000014
22995.980000000014
22995.980000000014
23311.79500000001
23311.79500000001
23311.79500000001
23311.79500000001
23020.207500000015
23020.207500000015
23020.207500000015
23020.207500000015
22873.202500000014
22873.202500000014
22873.202500000014
22873.202500000014
23767.200000000004
23767.200000000004
23767.200000000004
23767.200000000004
23800.79000000001
23800.79000000001
23800.79000000001
23800.79000000001
24003.6025
24003.6025
24003.6025
24003.6025
23839.657500000005
23839.657500000005
23839.657500000005
23839.657500000005
23540.85500000001
23540.85500000001
23540.85500000001
23540.85500000001
23282.792500000007
23282.792500000007
23282.792500000007
23282.792500000007
23105.19500000001
23105.19500000001
23105.19500000001
23105.19500000001
23324.505000000012
23324.505000000012
23324.505000000012
23324.505000000012
22909.115000000016
22909.115000000016
22909.115000000016
22909.115000000016
22973.152500000015
22973.152500000015
22973.152500000015
22973.152500000015
23144.362500000014
23144.362500000014
23144.362500000014
23144.362500000014
22729.352500000015
22729.352500000015
22729.352500000015
22729.352500000015
21976.647500000014
21976.647500000014
21976.647500000014
21976.647500000014
21599.202500000018
21599.202500000018
21599.202500000018
21599.202500000018
22261.067500000016
22261.067500000016
22261.067500000016
22261.067500000016
22657.29000000001
22657.29000000001
22657.29000000001
22657.29000000001
22557.86000000001
22557.86000000001
22557.86000000001
22557.86000000001
22846.510000000013
22846.510000000013
22846.510000000013
22846.510000000013
22703.170000000013
22703.170000000013
22703.170000000013
22703.170000000013
22010.762500000015
22010.762500000015
22010.762500000015
22010.762500000015
21558.17250000001
21558.17250000001
21558.17250000001
21558.17250000001
21800.507500000014
21800.507500000014
21800.507500000014
21800.507500000014
22193.292500000014
22193.292500000014
22193.292500000014
22193.292500000014
22600.397500000017
22600.397500000017
22600.397500000017
22600.397500000017
22994.307500000014
22994.307500000014
22994.307500000014
22994.307500000014
22967.660000000014
22967.660000000014
22967.660000000014
22967.660000000014
22696.895000000015
22696.895000000015
22696.895000000015
22696.895000000015
22363.802500000016
22363.802500000016
22363.802500000016
22363.802500000016
22015.632500000018
22015.632500000018
22015.632500000018
22015.632500000018
22573.220000000016
22573.220000000016
22573.220000000016
22573.220000000016
22816.745000000014
22816.745000000014
22816.745000000014
22816.745000000014
23033.792500000014
23033.792500000014
23033.792500000014
23033.792500000014
23230.077500000003
23230.077500000003
23230.077500000003
23230.077500000003
23213.292500000018
23213.292500000018
23213.292500000018
23213.292500000018
23319.230000000007
23319.230000000007
23319.230000000007
23319.230000000007
23295.69500000001
23295.69500000001
23295.69500000001
23295.69500000001
23141.032500000016
23141.032500000016
23141.032500000016
23141.032500000016
23349.540000000015
23349.540000000015
23349.540000000015
23349.540000000015
23591.412500000002
23591.412500000002
23591.412500000002
23591.412500000002
23364.130000000016
23364.130000000016
23364.130000000016
23364.130000000016
23525.592500000013
23525.592500000013
23525.592500000013
23525.592500000013
23856.815000000006
23856.815000000006
23856.815000000006
23856.815000000006
24581.877500000013
24581.877500000013
24581.877500000013
24581.877500000013
24748.742500000008
24748.742500000008
24748.742500000008
24748.742500000008
24564.087500000012
24564.087500000012
24564.087500000012
24564.087500000012
24893.37500000001
24893.37500000001
24893.37500000001
24893.37500000001
25128.130000000005
25128.130000000005
25128.130000000005
25128.130000000005
25181.270000000008
25181.270000000008
25181.270000000008
25181.270000000008
24894.560000000005
24894.560000000005
24894.560000000005
24894.560000000005
25334.447500000017
25334.447500000017
25334.447500000017
25334.447500000017
24731.39250000001
24731.39250000001
24731.39250000001
24731.39250000001
24397.682500000017
24397.682500000017
24397.682500000017
24397.682500000017
24042.277500000007
24042.277500000007
24042.277500000007
24042.277500000007
23350.42500000001
23350.42500000001
23350.42500000001
23350.42500000001
23477.465000000004
23477.465000000004
23477.465000000004
23477.465000000004
23289.610000000004
23289.610000000004
23289.610000000004
23289.610000000004
23177.802500000013
23177.802500000013
23177.802500000013
23177.802500000013
23371.48250000002
23371.48250000002
23371.48250000002
23371.48250000002
23828.682500000006
23828.682500000006
23828.682500000006
23828.682500000006
23943.110000000008
23943.110000000008
23943.110000000008
23943.110000000008
23968.227500000015
23968.227500000015
23968.227500000015
23968.227500000015
24098.672500000015
24098.672500000015
24098.672500000015
24098.672500000015
23619.397500000006
23619.397500000006
23619.397500000006
23619.397500000006
24114.24500000001
24114.24500000001
24114.24500000001
24114.24500000001
23820.677500000016
23820.677500000016
23820.677500000016
23820.677500000016
23987.542500000003
23987.542500000003
23987.542500000003
23987.542500000003
23210.185000000016
23210.185000000016
23210.185000000016
23210.185000000016
23082.527500000015
23082.527500000015
23082.527500000015
23082.527500000015
23659.32750000002
23659.32750000002
23659.32750000002
23659.32750000002
23777.420000000013
23777.420000000013
23777.420000000013
23777.420000000013
23986.250000000004
23986.250000000004
23986.250000000004
23986.250000000004
24300.72500000002
24300.72500000002
24300.72500000002
24300.72500000002
24252.440000000017
24252.440000000017
24252.440000000017
24252.440000000017
24947.92000000001
24947.92000000001
24947.92000000001
24947.92000000001
24655.000000000004
24655.000000000004
24655.000000000004
24655.000000000004
24843.477500000008
24843.477500000008
24843.477500000008
24843.477500000008
24588.140000000007
24588.140000000007
24588.140000000007
24588.140000000007
24853.845000000023
24853.845000000023
24853.845000000023
24853.845000000023
24944.56750000001
24944.56750000001
24944.56750000001
24944.56750000001
24770.56500000001
24770.56500000001
24770.56500000001
24770.56500000001
24138.120000000003
24138.120000000003
24138.120000000003
24138.120000000003
23968.87000000001
23968.87000000001
23968.87000000001
23968.87000000001
24448.82500000002
24448.82500000002
24448.82500000002
24448.82500000002
24561.432500000017
24561.432500000017
24561.432500000017
24561.432500000017
25114.852500000008
25114.852500000008
25114.852500000008
25114.852500000008
26556.46500000002
28231.50500000002
27393.98500000002
27393.98500000002
27870.095000000005
27870.095000000005
27870.095000000005
27870.095000000005
27989.560000000016
27989.560000000016
27989.560000000016
27989.560000000016
28419.86000000002
28419.86000000002
28419.86000000002
28419.86000000002
28258.230000000018
28258.230000000018
28258.230000000018
28258.230000000018
27697.00500000001
27697.00500000001
27697.00500000001
27697.00500000001
27660.882500000018
27660.882500000018
27660.882500000018
27660.882500000018
27792.50750000002
27792.50750000002
27792.50750000002
27792.50750000002
28126.445000000018
28126.445000000018
28126.445000000018
28126.445000000018
27747.792500000018
27747.792500000018
27747.792500000018
27747.792500000018
27378.59250000002
27378.59250000002
27378.59250000002
27378.59250000002
27093.06500000001
27093.06500000001
27093.06500000001
27093.06500000001
26983.232500000013
26983.232500000013
26983.232500000013
26983.232500000013
27310.87250000001
27310.87250000001
27310.87250000001
27310.87250000001
26491.057500000017
26491.057500000017
26491.057500000017
26491.057500000017
25850.435000000012
25850.435000000012
24553.525000000012
24553.525000000012
25190.33250000002
25190.33250000002
25190.33250000002
25190.33250000002
25465.607500000016
25465.607500000016
25465.607500000016
25465.607500000016
25272.827500000014
25272.827500000014
25272.827500000014
25272.827500000014
24799.970000000005
24799.970000000005
24799.970000000005
24799.970000000005
24540.605000000007
24540.605000000007
24540.605000000007
24540.605000000007
24623.21500000002
24623.21500000002
24623.21500000002
24623.21500000002
24058.777500000004
24058.777500000004
24058.777500000004
24058.777500000004
23310.38000000001
23310.38000000001
22086.12000000001
22086.12000000001
21986.420000000016
21986.420000000016
21986.420000000016
21986.420000000016
21487.2975
21487.2975
21487.2975
21487.2975
21622.135000000013
21622.135000000013
21622.135000000013
21622.135000000013
21852.377500000013
21852.377500000013
21852.377500000013
21852.377500000013
22036.300000000014
22036.300000000014
22036.300000000014
22036.300000000014
21209.552500000016
21209.552500000016
21209.552500000016
21209.552500000016
21235.095000000012
21235.095000000012
22074.97000000001
22074.97000000001
22675.960000000014
22675.960000000014
22675.960000000014
22675.960000000014
22873.447500000013
22873.447500000013
22873.447500000013
22873.447500000013
23062.140000000014
23062.140000000014
23062.140000000014
23062.140000000014
23185.57500000001
23185.57500000001
23185.57500000001
23185.57500000001
22873.007500000014
22873.007500000014
22873.007500000014
22873.007500000014
22902.202500000014
22902.202500000014
22902.202500000014
22902.202500000014
22526.785000000014
22526.785000000014
22526.785000000014
22526.785000000014
22549.04750000001
22549.04750000001
22549.04750000001
22549.04750000001
22709.292500000014
22709.292500000014
22709.292500000014
22709.292500000014
22447.912500000013
22447.912500000013
22447.912500000013
22447.912500000013
22284.635000000017
22284.635000000017
22284.635000000017
22284.635000000017
21715.525000000012
21715.525000000012
21715.525000000012
21715.525000000012
21794.170000000013
21794.170000000013
21794.170000000013
21794.170000000013
22015.652500000015
22015.652500000015
22015.652500000015
22015.652500000015
22065.225000000013
22065.225000000013
22065.225000000013
22065.225000000013
21318.410000000014
21318.410000000014
21318.410000000014
21318.410000000014
20257.695000000007
20257.695000000007
20257.695000000007
20257.695000000007
19702.512500000004
19702.512500000004
19702.512500000004
19702.512500000004
19303.390000000003
19303.390000000003
19303.390000000003
19303.390000000003
19312.160000000014
19312.160000000014
19312.160000000014
19312.160000000014
19442.652500000015
19442.652500000015
19442.652500000015
19442.652500000015
18861.19500000001
18861.19500000001
18861.19500000001
18861.19500000001
19336.907500000005
19336.907500000005
19336.907500000005
19336.907500000005
19405.277500000004
19405.277500000004
19405.277500000004
19405.277500000004
19573.137500000008
19573.137500000008
19573.137500000008
19573.137500000008
20187.952500000014
20187.952500000014
20187.952500000014
20187.952500000014
20235.097500000003
20235.097500000003
20235.097500000003
20235.097500000003
20514.267500000013
20514.267500000013
20514.267500000013
20514.267500000013
20682.6025
20682.6025
20682.6025
20682.6025
20716.445000000018
20716.445000000018
20716.445000000018
20716.445000000018
20325.66500000001
20325.66500000001
20325.66500000001
20325.66500000001
20548.69000000001
20548.69000000001
21341.18500000001
21341.18500000001
21376.730000000003
21376.730000000003
21376.730000000003
21376.730000000003
21495.255000000016
21495.255000000016
21495.255000000016
21495.255000000016
21348.435
21348.435
21348.435
21348.435
20449.067500000016
20449.067500000016
20449.067500000016
20449.067500000016
20156.1575
20156.1575
20156.1575
20156.1575
19965.455000000013
19965.455000000013
19965.455000000013
19965.455000000013
20039.795000000002
20039.795000000002
20039.795000000002
20039.795000000002
20691.30000000001
20691.30000000001
20691.30000000001
20691.30000000001
20966.432500000006
20966.432500000006
20966.432500000006
20966.432500000006
21159.727500000015
21159.727500000015
21159.727500000015
21159.727500000015
20417.73500000001
20417.73500000001
20417.73500000001
20417.73500000001
20740.84250000001
20740.84250000001
20740.84250000001
20740.84250000001
20504.030000000017
20504.030000000017
20504.030000000017
20504.030000000017
20875.022500000014
20875.022500000014
20875.022500000014
20875.022500000014
20900.550000000014
20900.550000000014
20900.550000000014
20900.550000000014
21645.965000000015
21645.965000000015
21645.965000000015
21645.965000000015
21938.550000000014
21938.550000000014
21938.550000000014
21938.550000000014
22216.06000000001
22216.06000000001
22216.06000000001
22216.06000000001
22039.585000000014
22039.585000000014
22039.585000000014
22039.585000000014
22452.840000000015
22452.840000000015
22452.840000000015
22452.840000000015
22891.737500000014
22891.737500000014
22891.737500000014
22891.737500000014
23095.570000000018
23095.570000000018
23095.570000000018
23095.570000000018
22982.630000000016
22982.630000000016
22982.630000000016
22982.630000000016
23063.095000000012
23063.095000000012
23063.095000000012
23063.095000000012
23653.33
23653.33
23653.33
23653.33
23892.677500000016
23892.677500000016
23892.677500000016
23892.677500000016
23506.247500000005
23506.247500000005
23506.247500000005
23506.247500000005
23799.470000000012
23799.470000000012
23799.470000000012
23799.470000000012
23644.662500000006
23644.662500000006
23644.662500000006
23644.662500000006
