21456.764625000014
21456.764625000014
21456.764625000014
21456.764625000014
21835.642575000013
21835.642575000013
21835.642575000013
21835.642575000013
21617.239750000015
21617.239750000015
21617.239750000015
21617.239750000015
22796.382300000016
22796.382300000016
22796.382300000016
22796.382300000016
22614.154800000015
22614.154800000015
22614.154800000015
22614.154800000015
22558.077625000013
22558.077625000013
22558.077625000013
22558.077625000013
22103.404800000015
22103.404800000015
22103.404800000015
22103.404800000015
21280.069825000013
21280.069825000013
21280.069825000013
21280.069825000013
20641.667500000014
20641.667500000014
20641.667500000014
20641.667500000014
21197.569825000013
21197.569825000013
21197.569825000013
21197.569825000013
20866.597675000008
20866.597675000008
20866.597675000008
20866.597675000008
20307.222175000014
20307.222175000014
20307.222175000014
20307.222175000014
19643.770500000013
19643.770500000013
18508.475600000012
18508.475600000012
17120.23050000001
18878.25980000001
19523.75485000001
19523.75485000001
18902.345200000014
18902.345200000014
18902.345200000014
18902.345200000014
17611.140125000016
17611.140125000016
17611.140125000016
17611.140125000016
15394.97510000001
15394.97510000001
15394.97510000001
15394.97510000001
16875.070300000014
16875.070300000014
14991.899900000006
14991.899900000006
14637.810075000007
14637.810075000007
14637.810075000007
14637.810075000007
12925.68995000001
12925.68995000001
11154.570300000009
12807.34960000001
13974.970200000009
13974.970200000009
13974.970200000009
13974.970200000009
14358.38990000001
14358.38990000001
13478.34495000001
15238.434850000009
13824.167500000005
13824.167500000005
13824.167500000005
13824.167500000005
13441.61475
13441.61475
12499.17530000001
12499.17530000001
12027.14990000001
12027.14990000001
13001.17480000001
13001.17480000001
13650.01000000001
13650.01000000001
13650.01000000001
13650.01000000001
13869.514875000003
13869.514875000003
13869.514875000003
13869.514875000003
15199.912600000009
15199.912600000009
15199.912600000009
15199.912600000009
15315.554925000002
15315.554925000002
15315.554925000002
15315.554925000002
15206.169900000008
15206.169900000008
14163.959950000002
14163.959950000002
14345.832525000002
14345.832525000002
14345.832525000002
14345.832525000002
15369.28492500001
15369.28492500001
15369.28492500001
15369.28492500001
14145.097425000002
14145.097425000002
14145.097425000002
14145.097425000002
13170.922600000009
13170.922600000009
13170.922600000009
13170.922600000009
12870.262450000002
12870.262450000002
12870.262450000002
12870.262450000002
13043.247550000002
13043.247550000002
13043.247550000002
13043.247550000002
13568.31492500001
13568.31492500001
13568.31492500001
13568.31492500001
13465.087400000004
13465.087400000004
13465.087400000004
13465.087400000004
12892.884750000008
12892.884750000008
12892.884750000008
12892.884750000008
12904.380150000008
12904.380150000008
12904.380150000008
12904.380150000008
12929.990200000011
12929.990200000011
11923.62010000001
11923.62010000001
11983.762500000003
11983.762500000003
11983.762500000003
11983.762500000003
12296.684800000003
12296.684800000003
12296.684800000003
12296.684800000003
13102.975100000007
13102.975100000007
13102.975100000007
13102.975100000007
13587.692375000008
13587.692375000008
13587.692375000008
13587.692375000008
13860.562525000008
13860.562525000008
13860.562525000008
13860.562525000008
14588.44722500001
14588.44722500001
14588.44722500001
14588.44722500001
15010.06980000001
15010.06980000001
15010.06980000001
15010.06980000001
15631.29760000001
15631.29760000001
15631.29760000001
15631.29760000001
15166.28270000001
15166.28270000001
15166.28270000001
15166.28270000001
15265.890150000008
15265.890150000008
15265.890150000008
15265.890150000008
16837.095200000014
16837.095200000014
16837.095200000014
16837.095200000014
17026.340325000005
17026.340325000005
17026.340325000005
17026.340325000005
17058.847900000004
17058.847900000004
17058.847900000004
17058.847900000004
17127.600100000014
17127.600100000014
17127.600100000014
17127.600100000014
17711.76955000001
17711.76955000001
18708.264650000016
18708.264650000016
18557.77737500001
18557.77737500001
18557.77737500001
18557.77737500001
18601.057625000012
18601.057625000012
18601.057625000012
18601.057625000012
18222.135250000014
18222.135250000014
18222.135250000014
18222.135250000014
17750.950200000003
17750.950200000003
17750.950200000003
17750.950200000003
18498.219725000006
18498.219725000006
18498.219725000006
18498.219725000006
18176.432600000007
18176.432600000007
18176.432600000007
18176.432600000007
17714.772475000016
17714.772475000016
17714.772475000016
17714.772475000016
18228.759750000012
18228.759750000012
18228.759750000012
18228.759750000012
19399.847175000014
19399.847175000014
19399.847175000014
19399.847175000014
20225.277375000016
20225.277375000016
20225.277375000016
20225.277375000016
20618.939950000015
20618.939950000015
20618.939950000015
20618.939950000015
20681.409525000003
20681.409525000003
20681.409525000003
20681.409525000003
20823.17285000001
20823.17285000001
20823.17285000001
20823.17285000001
20267.665525000015
20267.665525000015
20267.665525000015
20267.665525000015
20432.017575000013
20432.017575000013
20432.017575000013
20432.017575000013
20121.835450000013
20121.835450000013
20121.835450000013
20121.835450000013
19855.007300000012
19855.007300000012
19855.007300000012
19855.007300000012
20988.970200000007
20988.970200000007
20988.970200000007
20988.970200000007
21163.047675000013
21163.047675000013
21163.047675000013
21163.047675000013
21607.05470000002
21607.05470000002
21607.05470000002
21607.05470000002
20971.402800000014
20971.402800000014
20971.402800000014
20971.402800000014
20553.395525000014
20553.395525000014
20553.395525000014
20553.395525000014
21422.319825000013
21422.319825000013
21422.319825000013
21422.319825000013
21820.850100000014
21820.850100000014
21820.850100000014
21820.850100000014
22139.81495000001
22139.81495000001
22139.81495000001
22139.81495000001
21937.582525000016
21937.582525000016
21937.582525000016
21937.582525000016
21477.415050000007
21477.415050000007
21477.415050000007
21477.415050000007
21958.212875000016
21958.212875000016
21958.212875000016
21958.212875000016
22591.485325000012
22591.485325000012
22591.485325000012
22591.485325000012
22839.032200000012
22839.032200000012
22839.032200000012
22839.032200000012
22584.177300000014
22584.177300000014
22584.177300000014
22584.177300000014
21881.884775000013
21881.884775000013
21881.884775000013
21881.884775000013
22399.392575000016
22399.392575000016
22399.392575000016
22399.392575000016
21820.180175
21820.180175
21820.180175
21820.180175
21675.157250000015
21675.157250000015
21675.157250000015
21675.157250000015
21188.885050000015
21188.885050000015
21188.885050000015
21188.885050000015
21572.53762500001
21572.53762500001
21572.53762500001
21572.53762500001
22214.419925000013
22214.419925000013
22214.419925000013
22214.419925000013
22293.959975000016
22293.959975000016
22293.959975000016
22293.959975000016
21626.249750000014
21626.249750000014
21626.249750000014
21626.249750000014
20927.767100000015
20927.767100000015
20927.767100000015
20927.767100000015
20243.689950000015
20243.689950000015
20243.689950000015
20243.689950000015
20360.38035000001
20360.38035000001
20360.38035000001
20360.38035000001
19682.3574
19682.3574
19682.3574
19682.3574
20382.207025000014
20382.207025000014
20382.207025000014
20382.207025000014
20311.314925000017
20311.314925000017
20311.314925000017
20311.314925000017
20745.594925000016
20745.594925000016
20745.594925000016
20745.594925000016
20980.195300000014
20980.195300000014
20980.195300000014
20980.195300000014
21257.499975000013
21257.499975000013
21257.499975000013
21257.499975000013
21196.374525000014
21196.374525000014
21196.374525000014
21196.374525000014
21188.532725000012
21188.532725000012
21188.532725000012
21188.532725000012
20964.130500000014
20964.130500000014
20964.130500000014
20964.130500000014
21605.569800000016
21605.569800000016
21605.569800000016
21605.569800000016
22200.825050000018
22200.825050000018
22200.825050000018
22200.825050000018
21850.424825000013
21850.424825000013
21850.424825000013
21850.424825000013
21475.765150000014
21475.765150000014
21475.765150000014
21475.765150000014
21030.93750000001
21030.93750000001
21030.93750000001
21030.93750000001
20575.819825000013
20575.819825000013
20575.819825000013
20575.819825000013
20085.182125000014
20085.182125000014
20085.182125000014
20085.182125000014
20067.707525
20067.707525
20067.707525
20067.707525
19508.537600000007
19508.537600000007
19508.537600000007
19508.537600000007
19428.787425000006
19428.787425000006
19428.787425000006
19428.787425000006
19710.065425000004
19710.065425000004
19710.065425000004
19710.065425000004
19419.304675000014
19419.304675000014
19419.304675000014
19419.304675000014
20074.63280000001
20074.63280000001
20074.63280000001
20074.63280000001
20587.688000000013
20587.688000000013
20587.688000000013
20587.688000000013
20714.722175000014
20714.722175000014
20714.722175000014
20714.722175000014
19908.042950000014
19908.042950000014
19908.042950000014
19908.042950000014
20199.524900000015
20199.524900000015
20199.524900000015
20199.524900000015
20507.807150000015
20507.807150000015
20507.807150000015
20507.807150000015
20237.172850000014
20237.172850000014
20237.172850000014
20237.172850000014
20929.892600000017
20929.892600000017
20929.892600000017
20929.892600000017
21232.810050000007
21232.810050000007
21232.810050000007
21232.810050000007
21590.234875000002
21590.234875000002
21590.234875000002
21590.234875000002
21360.272450000008
21360.272450000008
21360.272450000008
21360.272450000008
21056.459950000004
21056.459950000004
21056.459950000004
21056.459950000004
20813.972650000014
20813.972650000014
20813.972650000014
20813.972650000014
20625.62500000001
20625.62500000001
20625.62500000001
20625.62500000001
20877.410150000014
20877.410150000014
20877.410150000014
20877.410150000014
21278.412600000014
21278.412600000014
21278.412600000014
21278.412600000014
21667.947525000014
21667.947525000014
21667.947525000014
21667.947525000014
21964.734875000013
21964.734875000013
21964.734875000013
21964.734875000013
22242.147950000017
22242.147950000017
22242.147950000017
22242.147950000017
22591.920025000014
22591.920025000014
22591.920025000014
22591.920025000014
23047.05500000001
23047.05500000001
23047.05500000001
23047.05500000001
23610.37250000002
23610.37250000002
23610.37250000002
23610.37250000002
23589.810000000005
23589.810000000005
23589.810000000005
23589.810000000005
23528.260000000017
23528.260000000017
23528.260000000017
23528.260000000017
23488.6875
23488.6875
23488.6875
23488.6875
24744.765000000007
24744.765000000007
24744.765000000007
24744.765000000007
24511.99750000002
24511.99750000002
24511.99750000002
24511.99750000002
23626.295000000016
23626.295000000016
23626.295000000016
23626.295000000016
23251.84250000001
23251.84250000001
23251.84250000001
23251.84250000001
22980.887500000015
22980.887500000015
22980.887500000015
22980.887500000015
23448.777500000004
23448.777500000004
23448.777500000004
23448.777500000004
23255.380000000012
23255.380000000012
23255.380000000012
23255.380000000012
23108.350000000017
23108.350000000017
23108.350000000017
23108.350000000017
22899.830000000013
22899.830000000013
22899.830000000013
22899.830000000013
22799.717825000014
22799.717825000014
22799.717825000014
22799.717825000014
23335.742500000008
23335.742500000008
23335.742500000008
23335.742500000008
23731.870000000017
23731.870000000017
23731.870000000017
23731.870000000017
24212.355000000007
24212.355000000007
24212.355000000007
24212.355000000007
24158.05000000001
24158.05000000001
24158.05000000001
24158.05000000001
23858.995000000003
23858.995000000003
23858.995000000003
23858.995000000003
23557.552500000016
23557.552500000016
23557.552500000016
23557.552500000016
23509.54250000001
23509.54250000001
23509.54250000001
23509.54250000001
22931.315000000013
22931.315000000013
22931.315000000013
22931.315000000013
23296.695000000014
23296.695000000014
23296.695000000014
23296.695000000014
22866.835000000017
22866.835000000017
22866.835000000017
22866.835000000017
23235.497500000005
23235.497500000005
23235.497500000005
23235.497500000005
23585.30000000001
23585.30000000001
23585.30000000001
23585.30000000001
23142.465000000015
23142.465000000015
23142.465000000015
23142.465000000015
22439.807500000014
22439.807500000014
22439.807500000014
22439.807500000014
23013.220000000012
23013.220000000012
23013.220000000012
23013.220000000012
23368.170000000002
23368.170000000002
23368.170000000002
23368.170000000002
24181.025
24181.025
24181.025
24181.025
24117.61750000002
24117.61750000002
24117.61750000002
24117.61750000002
23857.14250000001
23857.14250000001
23857.14250000001
23857.14250000001
24087.870000000003
24087.870000000003
24087.870000000003
24087.870000000003
23594.985000000004
23594.985000000004
23594.985000000004
23594.985000000004
23224.057500000017
23224.057500000017
23224.057500000017
23224.057500000017
23009.720000000012
23009.720000000012
23009.720000000012
23009.720000000012
22994.240000000013
22994.240000000013
22994.240000000013
22994.240000000013
22866.035000000014
22866.035000000014
22866.035000000014
22866.035000000014
23421.46750000001
23421.46750000001
23421.46750000001
23421.46750000001
22697.395000000015
22697.395000000015
22697.395000000015
22697.395000000015
22263.050000000014
22263.050000000014
22263.050000000014
22263.050000000014
21892.122500000016
21892.122500000016
21892.122500000016
21892.122500000016
21919.460000000017
21919.460000000017
21919.460000000017
21919.460000000017
22524.635000000013
22524.635000000013
22524.635000000013
22524.635000000013
22634.42750000001
22634.42750000001
22634.42750000001
22634.42750000001
21924.092500000017
21924.092500000017
21924.092500000017
21924.092500000017
21916.112500000014
21916.112500000014
21916.112500000014
21916.112500000014
22323.427500000016
22323.427500000016
22323.427500000016
22323.427500000016
22515.882500000014
22515.882500000014
22515.882500000014
22515.882500000014
22017.79500000001
22017.79500000001
20674.20500000001
20674.20500000001
19619.68250000001
19619.68250000001
19619.68250000001
19619.68250000001
20245.277500000015
20245.277500000015
20245.277500000015
20245.277500000015
19570.925000000014
19570.925000000014
19570.925000000014
19570.925000000014
19891.210000000017
19891.210000000017
19891.210000000017
19891.210000000017
20358.745000000006
20358.745000000006
20358.745000000006
20358.745000000006
19843.052500000016
19843.052500000016
19843.052500000016
19843.052500000016
19303.30750000001
19303.30750000001
19303.30750000001
19303.30750000001
18861.12500000001
18861.12500000001
18861.12500000001
18861.12500000001
17750.417500000003
17750.417500000003
17750.417500000003
17750.417500000003
17208.005000000016
17208.005000000016
17208.005000000016
17208.005000000016
17956.6025
17956.6025
17956.6025
17956.6025
18615.285000000014
18615.285000000014
18615.285000000014
18615.285000000014
18269.202500000007
18269.202500000007
18269.202500000007
18269.202500000007
19203.82
19203.82
19203.82
19203.82
19499.867500000004
19499.867500000004
19499.867500000004
19499.867500000004
19933.217500000002
19933.217500000002
19933.217500000002
19933.217500000002
19285.15750000001
19285.15750000001
19285.15750000001
19285.15750000001
18736.007500000007
18736.007500000007
18736.007500000007
18736.007500000007
17874.132500000014
17874.132500000014
17874.132500000014
17874.132500000014
18367.640000000014
18367.640000000014
18367.640000000014
18367.640000000014
19055.230000000014
19055.230000000014
19055.230000000014
19055.230000000014
18753.565000000013
18753.565000000013
18753.565000000013
18753.565000000013
18125.755000000005
18125.755000000005
18125.755000000005
18125.755000000005
18363.485000000004
18363.485000000004
18363.485000000004
18363.485000000004
18552.697500000002
18552.697500000002
18552.697500000002
18552.697500000002
18774.300000000003
18774.300000000003
18774.300000000003
18774.300000000003
19091.247500000012
19091.247500000012
19091.247500000012
19091.247500000012
19440.720000000012
19440.720000000012
19440.720000000012
19440.720000000012
20394.162500000013
20394.162500000013
20394.162500000013
20394.162500000013
20510.207500000015
20510.207500000015
20510.207500000015
20510.207500000015
20893.445000000014
20893.445000000014
20893.445000000014
20893.445000000014
20885.967500000013
20885.967500000013
20885.967500000013
20885.967500000013
21491.18750000001
21491.18750000001
21491.18750000001
21491.18750000001
21379.045000000013
21379.045000000013
21379.045000000013
21379.045000000013
21535.895000000015
21535.895000000015
21535.895000000015
21535.895000000015
20984.170000000016
20984.170000000016
20984.170000000016
20984.170000000016
21212.035000000003
21212.035000000003
21212.035000000003
21212.035000000003
21327.590000000015
21327.590000000015
21327.590000000015
21327.590000000015
20811.795000000016
20811.795000000016
20811.795000000016
20811.795000000016
20745.545000000016
20745.545000000016
20745.545000000016
20745.545000000016
20558.455000000016
20558.455000000016
20558.455000000016
20558.455000000016
20357.317500000016
20357.317500000016
20357.317500000016
20357.317500000016
20794.745000000014
20794.745000000014
20794.745000000014
20794.745000000014
20770.462500000012
20770.462500000012
20770.462500000012
20770.462500000012
21065.192500000012
21065.192500000012
21065.192500000012
21065.192500000012
20693.63250000001
20693.63250000001
20693.63250000001
20693.63250000001
20034.325000000015
20034.325000000015
20034.325000000015
20034.325000000015
19178.442500000016
19178.442500000016
19178.442500000016
19178.442500000016
18848.302500000005
18848.302500000005
18848.302500000005
18848.302500000005
18693.927500000016
18693.927500000016
18693.927500000016
18693.927500000016
18367.85500000001
18367.85500000001
18367.85500000001
18367.85500000001
18830.5525
18830.5525
18830.5525
18830.5525
19088.095000000012
19088.095000000012
19088.095000000012
19088.095000000012
19369.175000000014
19369.175000000014
19369.175000000014
19369.175000000014
19041.352500000005
19041.352500000005
19041.352500000005
19041.352500000005
19588.310000000016
19588.310000000016
19588.310000000016
19588.310000000016
19539.167500000014
19539.167500000014
19539.167500000014
19539.167500000014
19172.54000000001
19172.54000000001
19172.54000000001
19172.54000000001
19429.70750000001
19429.70750000001
19429.70750000001
19429.70750000001
18968.925000000014
18968.925000000014
18968.925000000014
18968.925000000014
19649.387500000015
19649.387500000015
19649.387500000015
19649.387500000015
19957.26000000001
19957.26000000001
19957.26000000001
19957.26000000001
20198.45250000001
20198.45250000001
20198.45250000001
20198.45250000001
20103.652500000004
20103.652500000004
20103.652500000004
20103.652500000004
19993.570000000018
19993.570000000018
19993.570000000018
19993.570000000018
19794.412500000013
19794.412500000013
19794.412500000013
19794.412500000013
19450.66500000001
19450.66500000001
19450.66500000001
19450.66500000001
19568.410000000014
19568.410000000014
19568.410000000014
19568.410000000014
20323.995000000014
20323.995000000014
20323.995000000014
20323.995000000014
20686.420000000013
20686.420000000013
20686.420000000013
20686.420000000013
20569.69500000001
20569.69500000001
20569.69500000001
20569.69500000001
20907.817500000016
20907.817500000016
20907.817500000016
20907.817500000016
20876.117500000004
20876.117500000004
20876.117500000004
20876.117500000004
21216.915
21216.915
21216.915
21216.915
21514.552500000016
21514.552500000016
21514.552500000016
21514.552500000016
21666.91500000001
21666.91500000001
21666.91500000001
21666.91500000001
21805.980000000014
21805.980000000014
21805.980000000014
21805.980000000014
21799.955000000016
21799.955000000016
21799.955000000016
21799.955000000016
21295.087500000005
21295.087500000005
21295.087500000005
21295.087500000005
21314.83000000001
21314.83000000001
21314.83000000001
21314.83000000001
21820.345000000012
21820.345000000012
21820.345000000012
21820.345000000012
21901.450000000015
21901.450000000015
21901.450000000015
21901.450000000015
22063.925000000014
22063.925000000014
22063.925000000014
22063.925000000014
22396.860000000015
22396.860000000015
22396.860000000015
22396.860000000015
22541.897500000014
22541.897500000014
22541.897500000014
22541.897500000014
22592.062500000015
22592.062500000015
22592.062500000015
22592.062500000015
22885.39000000001
22885.39000000001
22885.39000000001
22885.39000000001
23283.575000000008
23283.575000000008
23283.575000000008
23283.575000000008
23358.542500000003
23358.542500000003
23358.542500000003
23358.542500000003
23484.327500000007
23484.327500000007
23484.327500000007
23484.327500000007
23633.867500000008
23633.867500000008
23633.867500000008
23633.867500000008
23711.89000000002
23711.89000000002
23711.89000000002
23711.89000000002
23582.390000000014
23582.390000000014
23582.390000000014
23582.390000000014
23284.15750000002
23284.15750000002
23284.15750000002
23284.15750000002
23295.705000000016
23295.705000000016
23295.705000000016
23295.705000000016
22747.395000000015
22747.395000000015
22747.395000000015
22747.395000000015
22817.90500000001
22817.90500000001
22817.90500000001
22817.90500000001
22862.645000000015
22862.645000000015
22862.645000000015
22862.645000000015
22806.072500000013
22806.072500000013
22806.072500000013
22806.072500000013
22149.817500000016
22149.817500000016
22149.817500000016
22149.817500000016
22276.825000000015
22276.825000000015
22276.825000000015
22276.825000000015
22338.082500000015
22338.082500000015
22338.082500000015
22338.082500000015
21923.970000000005
21923.970000000005
21923.970000000005
21923.970000000005
21887.592500000006
21887.592500000006
21887.592500000006
21887.592500000006
21770.525000000016
21770.525000000016
21770.525000000016
21770.525000000016
22373.320000000014
22373.320000000014
22373.320000000014
22373.320000000014
22810.385000000013
22810.385000000013
22810.385000000013
22810.385000000013
23176.877500000006
23176.877500000006
23176.877500000006
23176.877500000006
23138.567500000016
23138.567500000016
23138.567500000016
23138.567500000016
23295.55000000001
23295.55000000001
23295.55000000001
23295.55000000001
22697.010000000013
22697.010000000013
22697.010000000013
22697.010000000013
22441.810000000012
22441.810000000012
22441.810000000012
22441.810000000012
21852.81500000001
21852.81500000001
21852.81500000001
21852.81500000001
21175.56250000001
21175.56250000001
21175.56250000001
21175.56250000001
20732.44500000001
20732.44500000001
20732.44500000001
20732.44500000001
20086.66250000001
20086.66250000001
20086.66250000001
20086.66250000001
20626.17250000001
20626.17250000001
20626.17250000001
20626.17250000001
20697.800000000014
20697.800000000014
20697.800000000014
20697.800000000014
21327.86750000001
21327.86750000001
21327.86750000001
21327.86750000001
21436.557500000014
21436.557500000014
21436.557500000014
21436.557500000014
21798.645000000015
21798.645000000015
21798.645000000015
21798.645000000015
21920.202500000014
21920.202500000014
21920.202500000014
21920.202500000014
22074.000000000007
22074.000000000007
22074.000000000007
22074.000000000007
21905.712500000012
21905.712500000012
21905.712500000012
21905.712500000012
22462.010000000013
22462.010000000013
22462.010000000013
22462.010000000013
21863.172500000015
21863.172500000015
21863.172500000015
21863.172500000015
21680.820000000018
21680.820000000018
21680.820000000018
21680.820000000018
22245.652500000015
22245.652500000015
22245.652500000015
22245.652500000015
22853.672500000015
22853.672500000015
22853.672500000015
22853.672500000015
23082.720000000012
23082.720000000012
23082.720000000012
23082.720000000012
23375.76000000001
23375.76000000001
23375.76000000001
23375.76000000001
23132.810000000016
23132.810000000016
23132.810000000016
23132.810000000016
23092.220000000012
23092.220000000012
23092.220000000012
23092.220000000012
23096.557500000014
23096.557500000014
23096.557500000014
23096.557500000014
23340.96500000002
23340.96500000002
23340.96500000002
23340.96500000002
23308.582500000015
23308.582500000015
23308.582500000015
23308.582500000015
22830.350000000017
22830.350000000017
22830.350000000017
22830.350000000017
23244.717500000013
23244.717500000013
23244.717500000013
23244.717500000013
22890.207500000015
22890.207500000015
22890.207500000015
22890.207500000015
22785.147500000014
22785.147500000014
22785.147500000014
22785.147500000014
23666.995000000006
23666.995000000006
23666.995000000006
23666.995000000006
23727.89250000001
23727.89250000001
23727.89250000001
23727.89250000001
23905.31000000001
23905.31000000001
23905.31000000001
23905.31000000001
23736.00000000001
23736.00000000001
23736.00000000001
23736.00000000001
23457.89250000001
23457.89250000001
23457.89250000001
23457.89250000001
23225.162500000006
23225.162500000006
23225.162500000006
23225.162500000006
23008.820000000014
23008.820000000014
23008.820000000014
23008.820000000014
23308.18000000002
23308.18000000002
23308.18000000002
23308.18000000002
22795.530000000017
22795.530000000017
22795.530000000017
22795.530000000017
22851.417500000014
22851.417500000014
22851.417500000014
22851.417500000014
23018.147500000014
23018.147500000014
23018.147500000014
23018.147500000014
22644.580000000013
22644.580000000013
22644.580000000013
22644.580000000013
21878.292500000014
21878.292500000014
21878.292500000014
21878.292500000014
21507.657500000012
21507.657500000012
21507.657500000012
21507.657500000012
22090.4775
22090.4775
22090.4775
22090.4775
22548.777500000015
22548.777500000015
22548.777500000015
22548.777500000015
22497.505000000012
22497.505000000012
22497.505000000012
22497.505000000012
22645.46500000001
22645.46500000001
22645.46500000001
22645.46500000001
22624.037500000017
22624.037500000017
22624.037500000017
22624.037500000017
21946.662500000013
21946.662500000013
21946.662500000013
21946.662500000013
21495.300000000014
21495.300000000014
21495.300000000014
21495.300000000014
21640.010000000013
21640.010000000013
21640.010000000013
21640.010000000013
22090.987500000014
22090.987500000014
22090.987500000014
22090.987500000014
22539.295000000016
22539.295000000016
22539.295000000016
22539.295000000016
22804.04000000001
22804.04000000001
22804.04000000001
22804.04000000001
22877.792500000014
22877.792500000014
22877.792500000014
22877.792500000014
22656.472500000014
22656.472500000014
22656.472500000014
22656.472500000014
22238.790000000015
22238.790000000015
22238.790000000015
22238.790000000015
21931.22750000001
21931.22750000001
21931.22750000001
21931.22750000001
22392.22750000001
22392.22750000001
22392.22750000001
22392.22750000001
22717.590000000015
22717.590000000015
22717.590000000015
22717.590000000015
22990.327500000018
22990.327500000018
22990.327500000018
22990.327500000018
23132.357500000013
23132.357500000013
23132.357500000013
23132.357500000013
23186.272500000003
23186.272500000003
23186.272500000003
23186.272500000003
23178.757500000018
23178.757500000018
23178.757500000018
23178.757500000018
23232.452500000007
23232.452500000007
23232.452500000007
23232.452500000007
23053.855000000014
23053.855000000014
23053.855000000014
23053.855000000014
23184.010000000017
23184.010000000017
23184.010000000017
23184.010000000017
23574.907500000016
23574.907500000016
23574.907500000016
23574.907500000016
23288.83750000001
23288.83750000001
23288.83750000001
23288.83750000001
23468.270000000004
23468.270000000004
23468.270000000004
23468.270000000004
23718.042500000003
23718.042500000003
23718.042500000003
23718.042500000003
24431.92000000001
24431.92000000001
24431.92000000001
24431.92000000001
24667.300000000003
24667.300000000003
24667.300000000003
24667.300000000003
24474.522500000017
24474.522500000017
24474.522500000017
24474.522500000017
24814.677500000013
24814.677500000013
24814.677500000013
24814.677500000013
25072.11
25072.11
25072.11
25072.11
25111.482500000013
25111.482500000013
25111.482500000013
25111.482500000013
24801.875000000015
24801.875000000015
24801.875000000015
24801.875000000015
25176.032500000012
25176.032500000012
25176.032500000012
25176.032500000012
24675.42250000002
24675.42250000002
24675.42250000002
24675.42250000002
24332.097500000014
24332.097500000014
24332.097500000014
24332.097500000014
23948.032500000016
23948.032500000016
23948.032500000016
23948.032500000016
23202.480000000007
23202.480000000007
23202.480000000007
23202.480000000007
23240.280000000006
23240.280000000006
23240.280000000006
23240.280000000006
23058.80500000001
23058.80500000001
23058.80500000001
23058.80500000001
23032.68750000001
23032.68750000001
23032.68750000001
23032.68750000001
23295.932500000003
23295.932500000003
23295.932500000003
23295.932500000003
23662.302500000005
23662.302500000005
23662.302500000005
23662.302500000005
23891.942500000016
23891.942500000016
23891.942500000016
23891.942500000016
23843.80500000002
23843.80500000002
23843.80500000002
23843.80500000002
24021.162500000006
24021.162500000006
24021.162500000006
24021.162500000006
23526.02750000001
23526.02750000001
23526.02750000001
23526.02750000001
23956.62250000002
23956.62250000002
23956.62250000002
23956.62250000002
23597.242500000008
23597.242500000008
23597.242500000008
23597.242500000008
23843.505000000005
23843.505000000005
23843.505000000005
23843.505000000005
23113.410000000014
23113.410000000014
23113.410000000014
23113.410000000014
22999.585000000014
22999.585000000014
22999.585000000014
22999.585000000014
23565.352500000008
23565.352500000008
23565.352500000008
23565.352500000008
23594.690000000002
23594.690000000002
23594.690000000002
23594.690000000002
23871.335000000003
23871.335000000003
23871.335000000003
23871.335000000003
24137.69000000001
24137.69000000001
24137.69000000001
24137.69000000001
24071.530000000002
24071.530000000002
24071.530000000002
24071.530000000002
24877.402500000004
24877.402500000004
24877.402500000004
24877.402500000004
24576.582500000008
24576.582500000008
24576.582500000008
24576.582500000008
24792.94250000002
24792.94250000002
24792.94250000002
24792.94250000002
24475.22750000002
24475.22750000002
24475.22750000002
24475.22750000002
24780.91500000002
24780.91500000002
24780.91500000002
24780.91500000002
24804.972500000003
24804.972500000003
24804.972500000003
24804.972500000003
24728.305
24728.305
24728.305
24728.305
24044.010000000006
24044.010000000006
24044.010000000006
24044.010000000006
23849.002500000017
23849.002500000017
23849.002500000017
23849.002500000017
24305.015000000007
24305.015000000007
24305.015000000007
24305.015000000007
24469.790000000005
24469.790000000005
24469.790000000005
24469.790000000005
25002.547500000008
25002.547500000008
25002.547500000008
25002.547500000008
26310.76000000002
26310.76000000002
27374.00500000002
27374.00500000002
27686.76000000002
27686.76000000002
27686.76000000002
27686.76000000002
27777.160000000018
27777.160000000018
27777.160000000018
27777.160000000018
28281.212500000016
28281.212500000016
28281.212500000016
28281.212500000016
28128.555
28128.555
28128.555
28128.555
27656.590000000022
27656.590000000022
27656.590000000022
27656.590000000022
27530.36
27530.36
27530.36
27530.36
27644.875000000004
27644.875000000004
27644.875000000004
27644.875000000004
28059.377500000017
28059.377500000017
28059.377500000017
28059.377500000017
27552.052500000013
27552.052500000013
27552.052500000013
27552.052500000013
27258.492500000008
27258.492500000008
27258.492500000008
27258.492500000008
26980.900000000005
26980.900000000005
26980.900000000005
26980.900000000005
26799.445000000014
26799.445000000014
26799.445000000014
26799.445000000014
27217.27500000002
27217.27500000002
27217.27500000002
27217.27500000002
26328.35750000002
26328.35750000002
26328.35750000002
26328.35750000002
25737.87500000002
25737.87500000002
23923.4
23923.4
24920.265000000007
24920.265000000007
24920.265000000007
24920.265000000007
25297.97750000001
25297.97750000001
25297.97750000001
25297.97750000001
25224.26750000002
25224.26750000002
25224.26750000002
25224.26750000002
24593.42250000002
24593.42250000002
24593.42250000002
24593.42250000002
24472.897500000003
24472.897500000003
24472.897500000003
24472.897500000003
24431.277500000004
24431.277500000004
24431.277500000004
24431.277500000004
23973.24000000001
23973.24000000001
23973.24000000001
23973.24000000001
23264.445000000014
23264.445000000014
21974.61000000002
21974.61000000002
21684.200000000015
21684.200000000015
21684.200000000015
21684.200000000015
21436.537500000013
21436.537500000013
21436.537500000013
21436.537500000013
20660.070000000007
20660.070000000007
21650.275000000012
21650.275000000012
21661.970000000012
21661.970000000012
21661.970000000012
21661.970000000012
21847.175000000014
21847.175000000014
21847.175000000014
21847.175000000014
21120.995000000014
21120.995000000014
21120.995000000014
21120.995000000014
20984.435000000016
20984.435000000016
22050.035000000007
22050.035000000007
22425.92250000001
22425.92250000001
22425.92250000001
22425.92250000001
22719.357500000016
22719.357500000016
22719.357500000016
22719.357500000016
23023.292500000014
23023.292500000014
23023.292500000014
23023.292500000014
23150.497500000016
23150.497500000016
23150.497500000016
23150.497500000016
22657.182500000014
22657.182500000014
22657.182500000014
22657.182500000014
22804.627500000013
22804.627500000013
22804.627500000013
22804.627500000013
22331.03000000001
22331.03000000001
22331.03000000001
22331.03000000001
22395.32000000001
22395.32000000001
22395.32000000001
22395.32000000001
22659.067500000016
22659.067500000016
22659.067500000016
22659.067500000016
22299.84750000001
22299.84750000001
22299.84750000001
22299.84750000001
22216.005000000016
22216.005000000016
22216.005000000016
22216.005000000016
21567.612500000014
21567.612500000014
21567.612500000014
21567.612500000014
21567.730000000014
21567.730000000014
21567.730000000014
21567.730000000014
21891.322500000002
21891.322500000002
21891.322500000002
21891.322500000002
22015.460000000017
22015.460000000017
22015.460000000017
22015.460000000017
21254.135000000013
21254.135000000013
21254.135000000013
21254.135000000013
20137.04750000001
20137.04750000001
20137.04750000001
20137.04750000001
19482.832500000015
19482.832500000015
19482.832500000015
19482.832500000015
19188.38750000001
19188.38750000001
19188.38750000001
19188.38750000001
19128.22250000001
19128.22250000001
19128.22250000001
19128.22250000001
19336.76750000001
19336.76750000001
19336.76750000001
19336.76750000001
18680.49000000001
18680.49000000001
18680.49000000001
18680.49000000001
19214.890000000014
19214.890000000014
19214.890000000014
19214.890000000014
19344.752500000002
19344.752500000002
19344.752500000002
19344.752500000002
19398.57
19398.57
19398.57
19398.57
20143.075000000015
20143.075000000015
20143.075000000015
20143.075000000015
20056.605000000003
20056.605000000003
20056.605000000003
20056.605000000003
20454.32500000001
20454.32500000001
20454.32500000001
20454.32500000001
20645.85250000001
20645.85250000001
20645.85250000001
20645.85250000001
20632.350000000006
20632.350000000006
20632.350000000006
20632.350000000006
20192.82000000001
20192.82000000001
20192.82000000001
20192.82000000001
20723.127500000013
20723.127500000013
20723.127500000013
20723.127500000013
21348.820000000007
21348.820000000007
21348.820000000007
21348.820000000007
21410.782500000016
21410.782500000016
21410.782500000016
21410.782500000016
21284.56500000001
21284.56500000001
21284.56500000001
21284.56500000001
20389.427500000016
20389.427500000016
20389.427500000016
20389.427500000016
20063.545000000013
20063.545000000013
20063.545000000013
20063.545000000013
19822.765000000014
19822.765000000014
19822.765000000014
19822.765000000014
19851.155000000006
19851.155000000006
19851.155000000006
19851.155000000006
20484.870000000014
20484.870000000014
20484.870000000014
20484.870000000014
20855.88750000001
20855.88750000001
20855.88750000001
20855.88750000001
21100.20500000001
21100.20500000001
21100.20500000001
21100.20500000001
20291.72500000001
20291.72500000001
20291.72500000001
20291.72500000001
20590.987500000014
20590.987500000014
20590.987500000014
20590.987500000014
20145.497500000012
20145.497500000012
20145.497500000012
20145.497500000012
20774.810000000005
20774.810000000005
20774.810000000005
20774.810000000005
20806.905000000006
20806.905000000006
20806.905000000006
20806.905000000006
21475.035000000014
21475.035000000014
21475.035000000014
21475.035000000014
21816.435000000016
21816.435000000016
21816.435000000016
21816.435000000016
22072.522500000014
22072.522500000014
22072.522500000014
22072.522500000014
21925.070000000014
21925.070000000014
21925.070000000014
21925.070000000014
22315.107500000013
22315.107500000013
22315.107500000013
22315.107500000013
22743.627500000013
22743.627500000013
22743.627500000013
22743.627500000013
23034.36750000001
23034.36750000001
23034.36750000001
23034.36750000001
22894.92250000001
22894.92250000001
22894.92250000001
22894.92250000001
22947.380000000016
22947.380000000016
22947.380000000016
22947.380000000016
23550.45750000002
23550.45750000002
23550.45750000002
23550.45750000002
23697.32250000001
23697.32250000001
23697.32250000001
23697.32250000001
23360.852500000015
23360.852500000015
23360.852500000015
23360.852500000015
23708.61750000001
23708.61750000001
23708.61750000001
23708.61750000001
23518.912500000017
23518.912500000017
23518.912500000017
23518.912500000017
