21742.070300000007
21534.050800000005
21916.210900000005
21684.210900000005
21954.169900000008
22020.660200000006
22225.380900000004
22360.28910000001
21644.039100000013
21334.380900000015
21892.529300000017
22010.939500000015
22645.51950000001
22690.740200000015
23134.55080000002
23369.05080000002
22843.199200000014
22862.029300000013
22265.929700000015
22751.039100000016
22878.75980000001
22881.269500000006
22713.580100000006
22225.060500000007
22424.539100000016
22230.55080000001
22235.509800000014
22309.330100000014
21665.750000000007
21453.480500000012
21383.71090000001
21206.599600000012
20902.50980000001
20971.18950000001
20762.650400000006
21108.250000000007
21173.560500000007
21464.720700000005
21546.93950000001
21474.31050000001
21031.080100000003
21066.580100000003
20964.750000000004
20621.48050000001
19987.150400000006
20840.689500000008
20543.150400000006
20283.990200000007
19854.8203
19525.550800000005
18538.509800000003
18699.179700000004
17849.97070000001
19327.73050000001
19869.019500000006
19302.759800000003
19291.01950000001
19245.429700000008
18936.93950000001
18742.25000000001
18029.769500000013
18285.67970000001
17926.140600000006
17241.77930000001
16422.519500000013
15990.200200000014
14910.549800000013
16376.419900000014
17141.050800000015
16609.089800000012
15230.51950000001
15300.07030000001
15472.679700000012
15457.419900000012
15161.690400000009
14032.25000000001
13478.629900000004
12736.849600000005
12596.290000000008
13307.419900000008
14329.8496
14122.7803
14889.129900000004
14539.589800000002
15317.830100000001
14081.759800000002
14254.219700000005
15147.960000000003
14853.830100000003
14256.059600000004
13373.110400000007
13749.530300000008
13738.12010000001
13363.570300000005
13179.330100000005
12298.559600000006
13048.500000000004
12707.230500000001
13090.8799
13369.4502
13930.910200000008
13896.49020000001
14253.66020000001
13513.500000000007
13778.049800000006
13883.870100000006
13875.139600000008
15044.87010000001
15205.320300000005
15578.960000000008
15781.049800000012
15393.089800000012
15386.900400000002
15217.250000000004
15557.450200000001
15548.259800000002
15444.280300000006
15227.429700000008
14491.750000000004
14300.700200000003
14332.01950000001
14513.480500000009
14527.099600000009
15042.809600000008
15563.309600000013
15651.61040000001
15763.549800000008
14755.809600000008
14673.59960000001
14312.259800000009
14118.929700000008
14019.030300000006
13300.750000000011
13423.240200000011
13519.17970000001
13160.87010000001
12762.540000000008
12895.250000000007
12734.799800000006
13560.070300000005
13390.120100000007
13239.500000000007
13065.969700000003
13108.740200000006
13492.530300000004
13660.240200000006
13865.589800000009
13976.309600000008
13600.019500000008
13478.660200000008
13576.320300000005
13559.820300000005
13195.509800000009
13031.280300000008
13055.719700000012
12816.790000000012
13207.980500000009
12814.370100000011
13148.30960000001
13071.580100000008
13032.299800000004
13032.299800000004
12192.349600000005
12423.690400000007
12488.330100000006
12146.160000000007
11927.889600000002
11747.110400000001
12228.219700000003
12040.839800000003
12525.799800000008
12976.710000000006
13226.309600000006
13167.200200000005
13205.169900000003
13157.900400000004
13451.019500000011
13952.980500000007
13892.879900000007
14132.089800000009
14257.559600000008
13893.15040000001
13696.69040000001
13788.41020000001
14533.33980000001
14644.820300000009
15147.059600000015
14994.759800000014
14715.70020000001
14987.41020000001
15596.33980000001
15669.84960000001
15977.129900000004
15956.460000000003
15878.400400000008
15332.269500000008
15396.280300000004
15222.200200000005
15367.480500000007
15160.690400000009
15078.629900000009
14983.660200000011
15587.290000000014
16387.11910000001
16580.539100000013
16885.91990000001
17301.250000000007
17442.960900000005
17685.640600000013
17239.650400000013
17372.15040000001
16630.33010000001
16953.410200000013
17062.490000000013
17588.929700000015
17611.000000000015
17415.259800000007
17299.259800000007
17264.419900000008
17283.890600000006
17984.019500000006
18227.789100000013
18895.800800000008
18916.609400000012
18967.39060000001
18522.39060000001
18722.49020000002
18636.150400000017
18475.509800000007
18789.84960000001
18883.24020000001
19161.97070000001
18872.74020000001
18314.96090000001
18255.130900000007
18069.75980000001
18015.109400000012
18398.91990000001
17682.86910000001
17912.070300000007
18340.910200000013
18688.109400000016
18687.359400000016
18883.240200000015
18780.96090000001
18234.24020000001
18258.25980000001
18159.99020000001
17819.31050000001
17836.949200000006
17851.220700000013
17612.44920000001
17896.359400000016
18289.000000000015
18700.599600000016
18855.859400000016
19506.4199
19601.8594
19641.750000000007
19824.179700000008
20063.929700000004
20385.689500000004
20664.480500000005
20542.6094
20359.789100000013
20712.66020000001
20816.60940000001
21196.750000000007
20995.810500000014
20904.930000000015
20759.560500000014
21010.470700000013
21088.070300000018
20725.900400000017
20943.85940000002
21037.16990000002
20471.769500000013
20409.18950000001
20352.939500000015
20465.220700000013
20439.41990000002
20649.960900000016
20476.25000000002
20576.59960000002
20364.400400000017
20409.130900000015
19827.13090000001
19961.740200000015
19611.070300000007
19823.02930000001
20413.60940000001
20667.580100000006
21133.71090000001
21085.089800000012
21322.550800000008
21306.109400000012
21045.000000000015
21049.220000000016
21403.130900000015
21929.78910000002
21765.98050000002
21730.710900000013
21704.14060000001
21742.39060000001
21399.230500000012
21065.730500000012
20829.50980000001
21087.25000000001
21090.49020000001
20470.91990000001
20489.94920000001
20824.13090000001
21343.75000000001
21524.050800000015
21572.69920000001
21623.330100000006
21679.150400000017
21893.41990000002
22250.349600000016
22143.009800000014
22250.230500000016
22451.619100000014
22407.140600000013
22266.740200000015
22620.009800000007
22277.060500000007
22149.039100000013
21346.550800000008
21953.58980000001
21632.900400000006
21684.73050000001
21699.839800000005
21549.099600000005
21931.359400000005
22214.849600000005
22556.560500000003
22643.660200000013
22707.359400000016
22585.529300000013
22998.849600000012
23000.369100000014
23099.570300000018
22894.839800000012
22584.550800000015
22794.13090000002
22813.930000000015
22638.890600000013
22580.250000000015
21685.130900000007
21924.08010000001
22130.750000000015
22439.359400000016
22593.720700000016
22528.839800000012
22476.619100000014
22306.16990000001
22034.810500000018
21981.380900000015
22143.839800000016
22225.769500000017
22032.16020000001
21907.289100000013
21665.789100000013
21281.91020000001
21178.449200000017
21229.710000000014
21339.179700000015
21591.990200000015
21739.390600000006
21608.980500000012
21620.74020000001
21886.32000000001
22024.83010000001
22297.039100000013
22514.78910000001
22548.02930000001
22443.220700000013
22671.919900000015
22476.11910000001
22012.039100000016
21988.930000000015
21788.849600000016
21645.679700000015
21681.689500000015
21561.560500000014
21272.259800000014
20738.990200000015
20619.69920000001
20560.109400000012
20340.82030000001
20437.560500000007
20327.689500000008
20254.24020000002
20533.960900000016
20780.50000000002
20554.199200000014
19822.92970000002
19673.10940000002
19843.869100000018
19976.660200000013
20310.789100000016
20428.320300000014
20684.220700000013
20569.609400000016
20261.490200000007
20427.08980000001
20711.750000000007
20583.83980000001
20644.270000000008
20662.839800000012
21056.929700000015
20961.830100000014
21016.289100000013
21000.130900000007
20820.97070000001
21257.089800000012
21277.660200000006
21293.51950000001
21333.06050000001
21260.07030000001
21116.500000000015
21196.830100000014
21440.179700000015
21440.810500000014
21389.00000000001
21120.42970000001
21211.080100000006
21205.500000000007
20800.949200000014
21126.75000000002
21318.230500000016
21450.980000000014
21446.800800000015
21547.66020000001
21935.41020000001
21949.25000000001
22249.230000000007
22388.770000000008
22290.669900000008
22192.330100000006
22337.89060000001
22111.99020000001
21582.13090000001
21647.750000000007
21740.64060000001
21471.109400000012
21442.76950000001
21617.849600000016
21383.210900000013
21021.669900000015
21007.56050000001
21121.519500000006
20886.849600000012
21011.949200000006
20505.66020000001
20303.220700000016
20037.599600000012
20491.949200000014
20398.429700000015
20237.859400000016
20520.429700000015
20352.80080000002
19832.02930000001
20013.330100000014
19785.859400000016
19747.160200000013
19757.439500000015
19328.359400000016
19242.06050000001
19555.779300000013
19910.060000000016
19823.99020000001
19805.599600000016
19656.220700000013
19859.80080000002
19841.679700000015
19389.910200000013
19510.089800000016
19792.27930000001
19729.150400000006
19995.640600000013
20102.55080000002
20142.099600000016
20201.810500000014
20315.419900000015
20938.330100000014
20957.089800000012
20866.880900000015
20901.15040000001
20763.32030000001
20862.380900000015
20738.15040000001
20143.160200000006
20161.990200000007
19913.400400000006
20084.11910000001
19948.15040000001
20236.17970000001
20418.310500000007
20539.60940000001
20529.41020000001
20722.22070000001
20665.61910000001
20313.740200000007
20127.56050000001
20403.00980000001
20494.179700000015
20592.460900000013
20847.849600000012
20963.08010000001
21008.77930000001
21199.55080000001
21130.74020000001
21095.90040000001
21439.22070000001
21610.17970000001
21621.820300000014
21618.580100000014
21722.38090000001
21805.939500000015
21765.580100000006
21643.240200000007
21124.980500000012
21205.679700000008
21209.460900000002
21161.73050000001
21277.119100000007
21297.619100000007
20997.39060000001
21035.00980000001
20937.52930000001
20667.30080000001
20664.75980000001
20670.57030000001
20832.35940000001
20608.55080000001
20649.44920000001
20938.28910000001
21028.660200000006
21398.08980000001
21435.580100000014
21214.810500000014
21248.580100000014
21332.439500000015
21714.35940000001
21763.730500000005
21819.94920000001
21726.01000000001
21988.86910000001
22009.099600000016
22118.580100000014
22229.179700000015
22155.669900000008
22407.230500000012
22371.599600000012
22439.18950000001
22370.41990000002
22734.880000000016
22670.810000000012
23023.130000000012
22996.730000000007
23093.770000000008
23302.290000000008
23254.140000000007
23471.660000000003
23866.87000000001
23862.540000000008
23716.480000000003
23768.090000000007
23689.99000000001
23736.79000000001
23667.42000000001
23781.880000000005
23727.630000000005
23708.67000000001
23290.54000000001
23222.350000000017
23656.65000000002
23724.870000000017
24163.84000000002
24550.080000000016
24931.850000000013
24988.570000000014
24963.260000000017
24692.540000000015
24887.580000000016
24608.660000000018
24382.140000000014
24085.230000000007
23618.24000000001
23671.510000000006
23686.420000000002
23592.770000000004
23322.17
23166.690000000006
23283.220000000012
23107.670000000006
23187.750000000007
23199.439999999995
23325.79
23575.38000000002
23611.040000000015
23612.25000000002
23475.29000000002
23374.370000000006
23269.36000000001
23202.290000000015
23490.180000000015
23453.42000000001
23371.340000000007
22992.070000000007
22732.620000000003
22716.780000000006
23025.47000000001
23160.440000000002
23151.380000000005
22948.25000000001
22684.830000000013
22981.520000000015
23111.270000000015
23102.050000000014
23443.53000000001
23695.61000000001
23773.980000000014
23861.22000000002
23880.770000000015
23783.830000000016
23855.830000000016
24168.36000000002
24378.810000000016
24347.260000000013
24364.070000000018
24382.01000000001
24434.40000000001
24248.320000000003
24130.16
23970.30000000001
23999.110000000008
23976.370000000006
24023.680000000004
23763.740000000016
23520.54000000002
23552.230000000018
23922.74000000002
23981.74000000002
23616.830000000016
23591.500000000015
23069.420000000013
22861.530000000013
23187.820000000014
23104.980000000014
23183.28000000001
23320.430000000008
23614.610000000008
23585.630000000016
23170.520000000015
23055.470000000012
23036.93000000001
23091.32000000001
23388.32000000001
23478.70000000001
23114.430000000008
23329.38
23506.669999999995
23491.710000000025
23731.890000000018
23934.070000000018
23818.640000000018
23514.730000000014
23345.880000000016
23110.71000000001
22814.50000000001
22393.98000000001
22464.350000000006
22711.84000000001
22880.59000000001
22849.23000000001
23050.87000000001
23179.260000000013
23261.68000000001
23137.150000000012
23505.11000000001
23618.06000000002
23827.21000000002
24164.37000000002
24322.260000000013
24368.76000000001
24468.640000000007
24466.470000000023
24142.550000000017
24200.320000000018
24070.760000000013
24236.540000000015
24145.430000000015
23654.86000000001
23904.770000000015
24185.49000000001
24070.030000000002
24260.77000000001
24132.05000000001
23808.93000000001
23924.480000000007
23582.600000000013
23348.330000000016
23207.44000000002
23392.700000000023
23509.010000000013
23127.980000000014
23295.030000000017
23134.640000000018
22967.880000000023
23057.72000000002
23248.130000000016
23242.630000000016
22942.96000000001
22754.450000000015
22767.01000000002
22943.850000000017
23150.600000000017
23257.850000000017
23707.950000000008
23706.00000000001
23317.79000000001
23338.760000000006
22928.960000000006
22757.62000000001
22647.30000000001
22674.80000000001
22508.50000000001
22642.46000000001
22598.76000000001
22065.460000000014
21971.240000000013
21897.350000000013
21875.160000000014
22047.85000000001
21905.100000000013
22182.750000000015
22099.29000000001
22206.090000000015
22237.100000000013
22464.050000000017
22817.500000000015
22821.750000000015
22737.50000000001
22707.370000000014
22835.03000000001
22598.620000000014
22092.570000000014
21935.680000000015
21945.020000000015
21974.57000000001
22026.60000000002
21909.540000000023
22088.24000000002
22090.550000000017
22449.11000000001
22330.200000000015
22581.560000000016
22635.380000000016
22572.300000000014
22623.010000000013
22808.330000000016
22623.220000000016
22041.87000000001
22087.12000000001
21017.72000000001
20572.51000000001
20158.550000000017
20105.870000000017
19728.880000000016
19955.820000000018
20264.33000000002
20431.86000000002
20504.380000000016
20342.240000000016
19595.92000000002
19666.84000000002
19893.37000000001
19876.670000000013
19803.28000000001
19919.92000000001
19919.34000000001
20341.12000000001
20556.930000000015
20975.30000000001
20580.810000000016
19830.50000000001
19727.890000000014
20069.750000000015
20159.290000000015
20088.80000000001
19303.740000000013
19248.640000000007
19269.410000000007
19652.53000000001
19247.590000000007
19055.160000000007
19023.57
18296.800000000003
17813.57000000001
17734.840000000015
18136.02000000001
18101.27000000001
17946.240000000013
17179.20000000001
16840.910000000007
17179.93000000001
17800.720000000012
17859.35000000001
18456.160000000007
18411.770000000008
18758.740000000013
18665.95000000001
18908.17000000001
18411.400000000012
18426.290000000008
18198.12000000001
18082.430000000015
18826.850000000013
18981.570000000014
19106.740000000013
19693.19000000001
20272.380000000012
20155.620000000006
19698.99000000001
19745.480000000014
19541.120000000014
19981.52000000001
19977.09000000001
19914.92000000001
20173.14000000001
19199.08000000001
19206.340000000004
19640.680000000004
19420.06000000001
19483.10000000001
18958.970000000012
18561.040000000008
18293.94000000001
18355.120000000014
17964.40000000002
17997.070000000014
17827.810000000012
18095.200000000008
18372.450000000008
18192.290000000008
19050.560000000012
19151.65000000001
19188.860000000008
19038.480000000003
19242.800000000003
19137.560000000005
18840.930000000008
18919.420000000006
18465.390000000007
18476.15000000001
18133.940000000002
18390.410000000003
18092.35
18270.7
18473.19
18388.010000000002
18636.75
18621.50000000001
18409.120000000006
18506.270000000008
18886.120000000006
18970.600000000002
18821.090000000007
18784.860000000004
18884.260000000006
19086.53000000001
19175.85000000001
19261.29000000001
19232.21000000001
19070.740000000016
19640.280000000017
19726.840000000015
19956.54000000001
20161.72000000001
20453.47000000001
20590.800000000003
20518.000000000007
20465.890000000007
20534.22000000001
20761.70000000001
20796.740000000013
21015.550000000003
20881.850000000006
21023.33000000001
21053.060000000012
21002.330000000013
20969.800000000007
20947.950000000015
21403.28000000001
21317.720000000012
21546.730000000007
21760.340000000007
21480.340000000007
21569.740000000013
21428.500000000015
21468.930000000015
21589.02000000002
21583.070000000018
21716.760000000013
21641.140000000014
21623.24000000002
21578.76000000001
21173.740000000013
20732.870000000017
20909.71000000002
21209.790000000008
21170.55000000001
21427.12000000001
21638.320000000014
21368.480000000007
21438.620000000006
21454.010000000013
21183.04000000001
20993.480000000018
20978.49000000002
20742.700000000015
20776.36000000002
21063.380000000012
20989.580000000016
20720.340000000015
20566.090000000015
20662.970000000012
20816.090000000007
20670.200000000008
20472.960000000003
20188.560000000012
20360.48000000001
20719.040000000015
20625.45000000002
20678.04000000001
20862.32000000001
20995.010000000013
21076.43000000001
20970.96000000001
20771.79000000001
20751.82000000001
20826.910000000014
20929.96000000001
21105.57000000001
21385.30000000001
21256.810000000012
21170.640000000014
20674.45000000001
20647.380000000016
20371.660000000014
20375.04000000001
20083.270000000015
20044.690000000002
19923.190000000002
19655.340000000007
19452.300000000007
18985.430000000008
18953.680000000008
19182.660000000007
18845.840000000007
18835.81000000001
18778.440000000006
18858.32000000001
19058.470000000012
18897.12000000001
18657.900000000016
18726.44000000001
18249.610000000015
18412.020000000015
18521.570000000018
18845.57000000002
18797.940000000017
18978.880000000012
18925.790000000015
19029.550000000007
18937.54000000001
19254.560000000005
19578.130000000005
19472.05000000001
19578.820000000014
19495.54000000001
19089.450000000008
19066.750000000007
18998.47000000001
19213.920000000002
19305.74000000001
19510.77000000001
19765.41000000001
19835.130000000012
19869.110000000008
19839.120000000014
19737.920000000016
19515.890000000018
19441.120000000014
19356.79000000001
19160.49000000001
19265.340000000004
19479.280000000006
19452.24000000001
19600.320000000003
19656.110000000004
19259.360000000004
19124.96000000001
18925.660000000007
18961.580000000013
19330.690000000006
19593.620000000006
19840.160000000007
19898.920000000006
19786.710000000006
19673.700000000008
20091.300000000007
20117.120000000006
20188.88000000001
20300.030000000017
20222.130000000016
20188.480000000014
20299.720000000012
20135.000000000015
20151.69000000001
20147.390000000014
20109.560000000012
20141.16000000001
19996.73000000001
20133.410000000014
19930.450000000015
19939.540000000008
19856.320000000007
19863.47000000001
19657.200000000004
19554.260000000006
19608.550000000007
19572.310000000012
19330.16000000001
19216.080000000016
19829.02000000001
19930.370000000017
19907.300000000017
20118.190000000013
20146.770000000015
20648.10000000001
20758.490000000016
20712.69000000001
20895.610000000015
20816.77000000001
20808.040000000015
20780.140000000014
20758.360000000015
20576.84000000001
20850.490000000013
20889.900000000012
21005.68000000001
20947.30000000001
21021.240000000013
20981.630000000016
21093.10000000001
20941.890000000014
21013.45000000001
21236.570000000014
21184.430000000015
21257.09000000001
21442.73000000001
21606.32000000001
21591.620000000014
21699.07000000001
21802.490000000016
21839.64000000001
21847.700000000015
21561.970000000012
21575.03000000001
21648.64000000001
21832.560000000016
22149.700000000015
22141.130000000016
22008.86000000001
22099.85000000001
21871.85000000001
21525.49000000001
21462.45000000002
21399.610000000015
21446.36000000001
21288.480000000014
21205.310000000016
21303.10000000001
21478.000000000015
21530.44000000001
21774.400000000012
21924.06000000001
21986.36000000001
22002.86000000001
21764.910000000003
21996.40000000001
22091.61000000001
22162.470000000012
21853.150000000012
22274.04000000001
22355.89000000001
22371.400000000012
22377.560000000012
22393.20000000001
22508.01000000001
22563.140000000007
22636.430000000015
22625.41000000001
22588.48000000001
22683.720000000016
22661.740000000013
22565.09000000001
22577.56000000001
22718.830000000013
22706.330000000016
22698.330000000016
23317.390000000014
23400.74000000002
23370.360000000015
23402.45000000002
23264.03000000002
23235.39000000002
23477.890000000018
23486.600000000017
23441.940000000024
23515.860000000022
23390.190000000024
23504.730000000025
23606.500000000022
23639.63000000002
23685.55000000001
23710.870000000017
23688.790000000015
23666.390000000014
23736.020000000008
23707.11000000001
23916.160000000007
23799.170000000002
23763.34000000001
23944.74000000002
23406.990000000023
23355.37000000002
23298.13000000002
23267.20000000002
23469.26000000002
23446.770000000022
23477.49000000001
23454.190000000006
23310.930000000004
23026.180000000004
22850.250000000004
22876.030000000002
22769.070000000007
22656.40000000001
23031.690000000017
23015.680000000022
22866.510000000017
22661.49000000002
22808.81000000002
22843.730000000018
23220.520000000022
23246.29000000002
23262.020000000008
22901.120000000006
22655.880000000012
22799.670000000006
22185.32000000001
22218.85000000001
22302.500000000015
22403.790000000015
22232.07000000001
22351.080000000013
22346.270000000015
22529.370000000014
22390.350000000013
22449.460000000014
22527.120000000014
22230.93000000002
21772.230000000018
21979.080000000016
22038.89000000001
22251.620000000014
22185.36000000002
21998.740000000016
21813.550000000014
21798.57000000001
21618.07000000001
22016.970000000012
22131.650000000005
22085.700000000008
22195.93000000001
22486.450000000015
22690.330000000013
22647.590000000007
22862.69000000001
22706.070000000014
22886.170000000006
22980.560000000012
23058.740000000016
23270.00000000002
23353.680000000008
23330.600000000006
23245.580000000016
23145.910000000018
23163.560000000016
23163.00000000001
23512.420000000013
23446.000000000015
23423.510000000013
23123.43000000002
22781.54000000001
22729.870000000014
22942.150000000012
22861.60000000001
22630.640000000007
22582.550000000003
22564.18000000001
22330.050000000007
22174.69000000001
21949.810000000012
21820.430000000015
21723.860000000015
21632.01000000001
21069.26000000001
21164.680000000015
21272.750000000015
21240.01000000001
21232.51000000001
20703.760000000013
20383.54000000001
20101.260000000013
19992.300000000014
20354.18000000001
20713.340000000015
20818.350000000017
21004.560000000023
20590.320000000014
20532.140000000014
20866.36000000001
20694.510000000013
20767.580000000016
21044.470000000016
21503.710000000014
21522.150000000016
21391.760000000017
21394.13000000002
21460.960000000014
21445.150000000016
21451.60000000001
21498.96000000001
21964.03000000001
21984.260000000013
21947.830000000016
22034.38000000002
21953.350000000017
22033.210000000017
22070.140000000018
22152.060000000023
22291.41000000001
22273.820000000014
22012.510000000013
21901.46000000001
21785.69000000001
21811.240000000013
22283.05000000001
22563.810000000012
22695.99000000002
22663.750000000015
22551.270000000015
22481.740000000016
21970.25000000002
21944.47000000002
22103.90000000002
22116.00000000002
21987.51000000001
21655.240000000013
21717.840000000015
21753.400000000012
22240.04000000001
22456.800000000014
22438.400000000016
22682.94000000001
22699.590000000007
22853.020000000008
22988.810000000016
23120.46000000001
23048.22000000001
22956.770000000004
23268.150000000012
23246.910000000007
23214.680000000008
23554.34000000001
23466.670000000013
23324.380000000012
23281.61000000001
23224.36000000001
23340.180000000015
22986.95000000001
23138.860000000015
23241.500000000015
23152.680000000015
23152.920000000013
23228.69000000002
23065.670000000016
23084.100000000017
23336.590000000022
23411.21000000001
23350.940000000006
23357.160000000014
23364.470000000012
23534.67000000001
23387.54000000001
23505.790000000008
22975.55000000001
22839.150000000016
22849.30000000001
22979.350000000006
23316.12000000001
23250.660000000007
23336.980000000007
23345.930000000015
23313.610000000015
23119.04000000001
23023.730000000014
22813.760000000013
23124.300000000014
23084.880000000012
22665.91000000001
22691.670000000006
23050.350000000006
23706.68000000001
23856.900000000012
23843.80000000002
23661.420000000016
23764.410000000018
23829.970000000016
23751.86000000001
23856.92000000001
24014.810000000012
23912.290000000008
24111.550000000017
23975.76000000001
23846.84000000001
23728.90000000001
23812.89000000001
23970.00000000002
23810.940000000013
23693.510000000013
23327.44000000001
23331.530000000013
23204.63000000001
23281.38000000001
23240.710000000006
23404.45000000001
22936.92000000001
23005.92000000001
23194.63000000001
23283.31000000001
23369.370000000017
23361.34000000002
23469.33000000001
23097.98000000001
22757.450000000015
22802.850000000017
23031.190000000013
23044.970000000012
22932.210000000017
23067.33000000002
22883.000000000015
23010.070000000014
23085.140000000014
23263.420000000013
23089.240000000013
23139.65000000001
23119.610000000015
23093.850000000013
22659.720000000016
22044.23000000001
22022.140000000007
22222.70000000001
22052.16000000001
21609.59000000001
21564.88000000002
21440.400000000023
21703.690000000013
21687.840000000015
22025.580000000016
22308.250000000015
22297.700000000015
22412.740000000016
22585.680000000015
22592.360000000015
22708.40000000001
22742.72000000001
22633.290000000008
22576.350000000006
22518.84000000001
22502.960000000006
22866.23000000001
22986.70000000001
22749.13000000001
22783.980000000007
22839.43000000001
22764.380000000016
22820.410000000007
22388.46000000001
22351.99000000001
22019.03000000001
22041.330000000013
21630.700000000015
21535.700000000008
21606.980000000007
21614.530000000013
21475.48000000001
21470.31000000001
21866.970000000012
21858.11000000001
22006.64000000001
21926.830000000016
22143.240000000013
22244.16000000001
22458.94000000001
22598.400000000016
22722.240000000013
22595.710000000014
22485.24000000002
22625.210000000017
22933.33000000002
23224.540000000015
23194.150000000016
23090.94000000002
23054.350000000017
22866.560000000016
22858.79000000002
22808.300000000017
22855.260000000017
22575.50000000002
22548.520000000022
22202.27000000002
22474.190000000017
22466.040000000023
22312.71000000002
22284.560000000016
21923.150000000012
21929.430000000015
21925.390000000014
22399.640000000014
22436.24000000002
22664.370000000014
22792.630000000016
22718.070000000014
22751.240000000013
22914.170000000013
22883.500000000015
23053.280000000013
23010.45000000001
23086.980000000014
22984.46000000001
23204.94000000001
23209.26000000001
23178.60000000001
23327.510000000013
23284.170000000016
23178.08000000002
23231.320000000014
23159.600000000013
23360.250000000015
23281.140000000014
23237.76000000001
23397.77000000001
23340.42000000001
23242.690000000013
23299.360000000015
23300.310000000012
23285.520000000004
23393.810000000005
22946.10000000001
22938.700000000008
23203.480000000007
23272.10000000001
23346.230000000014
23576.35000000001
23591.47000000001
23626.140000000007
23592.380000000012
23555.66000000001
23408.050000000017
23281.45000000002
23307.540000000015
23459.480000000018
23496.570000000014
23562.320000000014
23583.350000000017
23460.130000000016
23498.35000000001
23803.17000000001
23975.740000000005
24150.000000000007
24247.20000000002
24501.13000000002
24666.96000000001
24912.220000000012
24893.740000000023
24731.520000000022
24690.600000000024
24679.110000000026
24589.710000000017
24502.300000000014
24493.010000000013
24671.330000000013
24691.66000000001
24907.110000000015
24964.420000000013
25010.310000000012
24978.94000000002
25201.210000000017
25190.03000000001
25142.340000000015
25132.93000000002
25243.16000000002
25188.310000000016
25160.68000000002
25055.810000000012
24814.27000000001
24891.270000000015
24816.89000000001
25325.160000000018
25362.980000000018
25356.56000000002
25293.09000000002
24969.39000000001
24782.950000000008
24701.430000000015
24471.80000000001
24405.980000000003
24470.26000000001
24294.64000000001
24419.85000000001
24082.620000000006
24012.06000000001
24016.41000000001
24058.02000000001
23717.08000000002
23399.510000000013
23137.260000000006
23147.85000000001
23441.27000000002
23517.850000000013
23369.390000000014
23581.350000000013
23237.40000000001
23273.040000000008
23409.960000000014
23238.040000000015
23040.31000000002
23148.960000000014
23290.42000000002
23231.520000000026
23460.770000000022
23397.170000000016
23352.590000000015
23275.40000000002
23570.92000000001
23855.67000000001
23841.74000000002
24046.400000000016
24133.45000000002
24016.42000000002
23846.84000000002
23775.730000000018
23831.250000000015
24110.24000000002
23931.45000000002
23999.970000000016
24097.92000000001
24102.700000000008
24313.060000000016
23881.010000000013
23572.210000000017
23461.020000000022
23508.020000000015
23936.340000000015
23935.070000000018
24176.640000000018
24228.11000000001
24117.160000000014
23731.760000000013
23784.950000000015
23921.760000000017
23844.24000000002
24170.050000000017
24189.59000000002
23934.02000000001
23656.51000000001
23382.83000000002
23445.960000000017
23067.670000000016
22944.280000000017
22726.560000000012
22935.05000000001
23189.600000000013
23478.900000000016
23495.62000000002
23421.100000000017
23867.46000000002
23853.13000000002
23632.350000000017
23867.460000000017
23998.870000000017
23611.000000000022
23715.710000000017
23941.640000000018
24169.060000000012
24118.59000000001
24254.11000000002
24326.700000000023
24369.00000000002
24253.090000000022
24049.550000000014
23997.310000000016
24373.280000000013
24589.620000000017
24896.220000000023
24916.49000000002
24995.08000000002
24983.890000000018
24739.220000000012
24771.370000000006
24506.81
24602.600000000002
24824.580000000016
25048.260000000017
24843.20000000001
24657.87000000001
24583.79000000001
24551.74000000001
24514.490000000013
24702.540000000015
24771.600000000028
24855.75000000003
24871.790000000023
24916.24000000002
24808.300000000014
24869.370000000014
24998.640000000014
25101.960000000014
24997.830000000027
24984.62000000002
24705.96000000002
24393.85000000002
24294.36000000002
24205.86000000002
24152.400000000012
23899.86000000001
23880.25000000001
23918.71000000001
23970.05000000001
24106.470000000016
24210.75000000002
24500.230000000014
24524.55000000001
24559.77000000002
24490.150000000012
24613.690000000006
24592.010000000017
24549.88000000002
24949.35000000002
25113.20000000002
25099.060000000023
25297.80000000002
26247.63000000002
27922.67000000002
27373.68000000002
28031.96000000001
27915.010000000013
27807.98000000002
27787.980000000018
27969.410000000018
27770.790000000023
27925.360000000022
28048.46000000002
28213.63000000002
28089.370000000014
28588.520000000015
28548.450000000015
28453.100000000017
28317.870000000006
28343.74000000001
28316.630000000012
28054.680000000015
27604.490000000023
27652.62000000002
27837.28000000002
27693.63000000002
27524.820000000014
27397.670000000013
27928.600000000013
27792.44000000001
27765.550000000017
27751.440000000017
27611.72000000002
28041.320000000018
28524.600000000006
28214.660000000003
28162.250000000007
27604.270000000004
27766.32000000001
27602.88000000001
27767.230000000007
27854.74000000001
27646.720000000016
27428.59000000001
27322.140000000018
27116.920000000016
26991.510000000013
27356.510000000013
27131.360000000008
26892.880000000012
26880.79000000001
26873.67000000001
27011.950000000015
27166.520000000015
27406.410000000007
27470.50000000001
27350.490000000013
27016.09000000001
26631.510000000013
26470.440000000013
26459.430000000015
26402.850000000013
26261.530000000013
25439.34000000001
24411.300000000014
24695.75000000001
25015.17000000001
25275.760000000013
25250.950000000015
25219.450000000023
25170.350000000013
25517.45000000002
25540.310000000023
25634.320000000018
25401.790000000015
25500.990000000013
25279.95000000002
24908.580000000016
24947.350000000013
24718.640000000014
24872.70000000002
24661.190000000017
24533.140000000018
24519.350000000017
24582.190000000017
24527.74000000002
24641.93000000001
24602.67000000001
24924.070000000018
24324.190000000013
24133.870000000014
24126.300000000014
23950.570000000007
24024.37000000001
23586.790000000008
23033.97000000001
22492.79000000001
21679.450000000008
21871.400000000012
21686.450000000015
21963.430000000015
22424.400000000016
21793.020000000008
21692.78000000001
21288.53000000001
21174.86000000001
21056.390000000014
21431.990000000013
22228.59000000001
21771.570000000014
21909.82000000001
21762.150000000012
21634.480000000014
22103.060000000016
22203.36000000001
22052.11000000001
21778.060000000016
22111.670000000016
21577.45000000002
21363.210000000014
21318.33000000002
20579.22000000002
20939.39000000001
21530.800000000014
21980.840000000007
22169.10000000001
22527.79000000001
22588.690000000006
22807.86000000001
22779.50000000001
22798.900000000012
22576.50000000001
22940.25000000001
23178.14000000001
23100.660000000014
23057.93000000001
22869.590000000015
23220.380000000016
23423.640000000018
23143.880000000016
23120.25000000001
23054.53000000001
22847.160000000014
22605.800000000014
22697.000000000015
23342.070000000014
23180.27000000001
22922.790000000015
22970.830000000016
22534.920000000013
22479.460000000014
22980.970000000016
22519.330000000016
22127.380000000012
22497.330000000013
22349.730000000007
22559.060000000012
22790.070000000007
22802.710000000003
22629.750000000004
22617.210000000006
22787.500000000007
22555.42000000001
22195.25000000001
22477.510000000006
22563.470000000012
22485.250000000015
22242.49000000002
22352.25000000002
22058.550000000014
21872.330000000013
21880.190000000006
21731.39000000001
21378.190000000006
21442.21000000001
21772.79000000001
22005.19000000001
21956.490000000013
21871.22000000001
21870.310000000012
22103.63000000001
22217.450000000008
22151.730000000007
22024.28000000001
22114.560000000012
21970.33000000001
21794.840000000004
21452.740000000005
21199.620000000006
20826.440000000006
20596.42000000001
20068.78000000001
20130.800000000007
20234.78000000001
19893.88000000001
19828.93000000001
19439.490000000016
19647.75000000002
19332.22
19238.270000000004
19152.800000000007
19490.270000000008
19098.07000000001
19216.99000000001
19223.590000000007
19709.99000000001
19770.960000000014
19628.570000000014
19032.710000000014
19338.370000000017
19397.880000000012
18627.51000000001
18482.33000000001
18937.060000000012
19260.670000000002
19308.540000000005
19436.390000000007
19342.030000000006
19524.97000000001
19519.850000000006
19360.800000000003
19215.490000000005
19436.710000000014
19377.720000000016
19420.00000000002
20058.120000000014
20082.010000000013
20200.380000000016
20331.690000000017
20137.730000000018
20005.410000000014
20184.230000000014
20238.720000000016
20512.030000000013
20366.560000000016
20383.200000000015
20619.34000000001
20687.97000000001
20772.460000000006
20765.070000000007
20693.480000000014
20499.400000000012
20386.320000000014
20820.730000000018
20872.550000000017
20786.180000000015
20311.860000000008
20249.84000000001
20370.520000000015
20370.440000000013
20550.950000000008
20546.43000000001
21171.290000000008
21511.08000000001
21423.060000000012
21172.000000000007
21459.04000000001
21452.82000000001
21634.740000000013
21495.790000000015
21430.57000000001
21419.92000000001
21442.510000000006
21654.07000000001
21235.39000000001
21061.770000000015
20580.38000000002
20534.760000000017
20377.940000000017
20303.190000000017
20294.46000000001
20347.760000000006
20100.500000000015
19881.91000000001
19998.76000000001
20145.77000000001
19923.830000000013
19793.46000000001
19954.33000000001
19955.030000000006
19870.16000000001
20379.66000000001
20404.73000000001
20620.15000000001
20765.610000000015
20974.710000000014
20898.450000000015
20878.21000000001
21049.200000000015
21039.870000000014
21351.330000000013
21352.370000000014
21270.62000000001
20664.59000000001
20537.920000000006
20553.58000000001
20297.400000000012
20282.04000000001
20551.02000000001
20681.790000000008
20841.510000000006
20889.050000000007
21034.18000000001
20329.160000000014
20196.200000000023
20456.58000000002
20828.03000000001
21166.020000000008
20945.98000000001
20560.060000000012
20731.120000000014
20645.590000000015
20972.850000000013
21252.640000000014
21441.23000000001
21581.420000000013
21739.210000000014
21822.000000000015
21767.880000000016
21895.230000000014
22118.220000000016
21972.87000000001
22071.77000000002
22300.510000000017
22277.240000000013
22214.720000000016
22152.75000000001
22260.950000000015
21822.220000000016
21922.420000000013
22193.29000000002
22503.280000000017
22496.75000000002
22618.04000000002
22689.94000000001
22816.750000000015
22975.740000000016
23084.520000000015
23029.480000000014
23193.90000000002
23153.740000000016
23005.160000000014
22998.930000000015
23036.070000000014
22898.120000000017
22997.400000000016
22922.68000000001
23073.520000000015
23063.150000000012
23193.03000000001
23306.480000000014
23688.410000000014
23787.680000000015
23830.750000000015
23928.93000000002
24364.00000000002
23625.37000000002
23652.410000000014
23371.530000000013
23471.480000000018
23625.920000000016
23556.060000000016
23729.020000000015
24058.65000000002
23846.710000000006
23563.500000000015
23646.03000000001
23619.650000000012
23828.6
23484.370000000003
