21389.49020000001
21402.16990000001
21402.69920000001
21632.69920000001
21740.859400000016
21562.070300000014
21834.64060000001
22205.00000000001
21644.039100000013
20988.74020000001
21825.240200000015
22010.939500000015
22523.279300000013
22430.589800000012
22900.769500000013
23330.89060000001
22751.50980000001
22801.849600000012
22265.92970000001
22637.33010000001
22878.759800000014
22497.900400000013
22630.58980000001
22225.060500000007
22403.25980000001
21997.64060000001
22020.539100000016
21992.179700000015
21270.85940000001
21302.69920000001
21383.71090000001
21163.00980000001
20675.75000000002
20388.78910000002
20762.650400000017
20739.480500000016
20849.080100000014
21104.560500000014
21546.939500000015
21289.69920000001
20999.320300000007
20956.939500000008
20964.750000000015
20545.38090000001
19833.869100000007
20840.68950000001
20439.47070000001
20114.859400000012
19854.82030000001
19432.72070000001
18325.650400000006
18691.300800000005
17120.23050000002
18878.259800000014
19869.019500000013
19178.49020000001
18954.32030000001
19003.220700000016
18909.589800000016
18742.250000000015
17628.929700000015
17870.429700000015
17788.990200000015
17156.210900000013
16107.980500000012
15598.240200000015
14717.51950000001
15156.16020000001
17141.050800000015
16609.089800000012
14902.33980000001
15081.460000000012
14691.900400000002
15384.820300000003
14878.210000000006
13596.309600000008
13478.62990000001
12372.750000000011
11154.570300000009
12807.34960000001
13280.44040000001
13845.790000000012
14436.030300000008
14337.62010000001
15045.53030000001
14081.759800000007
13273.08980000001
15033.17970000001
14322.950200000007
14155.259800000007
13068.929700000004
13749.530300000006
13584.349600000005
13298.879900000004
12827.37010000001
12170.980500000007
11814.80960000001
12239.49020000001
13012.00000000001
12990.34960000001
13901.450200000007
13550.290000000008
13775.280300000011
13373.019500000011
13598.599600000009
13857.290000000008
13718.91990000001
14303.25000000001
15032.330100000006
14946.000000000007
15533.620100000006
15287.700200000005
15363.490200000004
15018.460000000003
15544.969700000003
15335.299800000003
15235.219700000003
15177.120100000006
14472.030300000002
13855.889600000002
14080.860400000003
14476.740200000006
14377.509800000005
14448.219700000007
15349.330100000006
15612.469700000009
15759.53030000001
14755.809600000008
14530.830100000006
14312.259800000007
13930.269500000008
13807.030300000008
13136.230500000007
13278.969700000007
13414.089800000009
12854.40040000001
12534.59960000001
12844.370100000013
12542.00980000001
13560.07030000001
12958.080100000008
13194.00000000001
12991.490200000006
13029.419900000006
13084.790000000005
13535.759800000007
13865.589800000003
13787.120100000002
13546.139600000002
13439.580100000003
13314.809600000008
13559.820300000007
13195.509800000005
12783.790000000006
12873.099600000005
12719.139600000006
12777.960000000005
12789.290000000006
12979.860400000009
13070.41020000001
12929.990200000011
12929.990200000011
11967.070300000009
11880.16990000001
12488.330100000006
12031.380000000005
11872.460000000005
11542.879900000005
12228.219700000003
11905.469700000003
12395.179700000004
12657.870100000004
12995.879900000004
13052.950200000003
13205.1699
13157.900400000002
13001.549800000004
13773.169900000004
13754.769500000002
13821.280300000002
14257.559600000002
13893.150400000004
13545.360400000001
13746.179700000004
13963.339800000009
14547.51950000001
14920.83980000001
14922.08980000001
14715.700200000008
14677.84960000001
15302.13960000001
15344.589800000009
15928.82030000001
15956.46000000001
15574.320300000009
15065.58980000001
15328.83010000001
14958.240200000011
15217.37010000001
15160.690400000009
15057.250000000007
14767.919900000008
15369.110400000009
15869.28030000001
16572.000000000007
16348.759800000007
17278.310500000014
17149.310500000014
17381.000000000015
16996.210900000013
17097.82030000001
16630.33010000001
16818.810500000007
16475.960000000006
17454.23050000001
17486.390600000002
17291.43950000002
17169.570300000018
16999.050800000015
17050.339800000012
17395.60940000002
18027.92970000002
18499.91990000002
18916.60940000002
18616.939500000015
18417.900400000013
18674.48050000002
18521.789100000016
18450.64060000001
18339.91020000001
18578.890600000013
19034.789100000016
18712.060500000014
18235.970700000013
17984.830100000014
17955.679700000015
17936.33010000001
17906.39060000001
17577.730500000016
17583.349600000012
18140.16020000001
18408.369100000014
18561.109400000012
18883.24020000001
18780.96090000001
17961.17970000001
18020.09960000001
17943.490200000007
17652.980500000012
17793.609400000016
17800.05080000002
17612.449200000017
17631.669900000015
18042.589800000016
18688.869100000014
18551.91020000001
19005.189500000015
19601.859400000016
19560.419900000015
19431.919900000015
20063.92970000002
20170.730500000016
20261.93950000002
20404.509800000018
20150.25980000001
20546.07030000001
20582.679700000015
21196.750000000015
20779.76950000001
20479.23000000001
20708.11910000001
20758.51950000001
20774.970700000013
20725.900400000006
20767.85940000001
21023.960900000005
20467.300800000008
20125.550800000008
20195.08980000001
20282.720700000013
20288.560500000014
20649.960900000013
20246.789100000013
20542.75980000001
20289.339800000016
20409.13090000001
19827.13090000001
19961.740200000015
19560.269500000002
19526.890600000006
19830.019500000006
20502.849600000012
20617.400400000006
21085.08980000001
21131.080100000006
21122.310500000007
20841.50980000001
21049.220000000012
21086.75000000001
21674.71090000001
21640.97070000002
21574.939500000015
21556.689500000015
21655.619100000018
21386.47070000001
20810.810500000003
20798.519500000002
20889.810500000007
20981.13090000001
20380.230500000012
20342.58010000001
20509.64060000001
21074.980500000016
21418.269500000013
21572.699200000014
21623.33010000001
21371.82030000001
21564.33010000001
22209.18950000001
22138.06050000001
21761.83010000001
22260.41020000001
22299.650400000006
22237.369100000004
22438.90040000001
22016.789100000013
22004.55080000001
21290.089800000016
21720.410200000006
21194.119100000004
21598.630900000007
21396.500000000004
21405.060500000003
21866.72070000001
22004.509800000007
22556.560500000007
22534.140600000006
22660.470700000005
22381.339800000012
22789.99020000001
23000.369100000004
22974.35940000001
22894.83980000001
22486.560500000007
22541.68950000001
22708.840000000015
22505.92970000002
22580.25000000002
21623.91990000001
21687.68950000001
21813.419900000015
22402.509800000014
22503.67970000001
22400.49020000001
22387.23050000001
22306.16990000001
21905.800800000008
21939.119100000007
21796.830100000006
21638.970700000013
22032.160200000013
21840.250000000015
21665.789100000016
21162.429700000015
21110.24020000001
21150.630000000016
21115.88090000002
21378.789100000016
21622.130900000004
21544.4395
21469.330100000003
21654.250000000004
21860.039100000013
22092.15040000001
22357.46090000001
22548.029300000006
22282.75000000002
22524.17970000002
22378.230500000016
21990.67970000001
21890.46000000001
21715.089800000012
21418.339800000012
21481.109400000012
21543.25000000002
21192.830100000017
20527.199200000017
20447.789100000016
20560.109400000016
20185.80080000002
20202.330100000014
20026.51950000001
19987.66990000001
20432.96090000001
20486.15040000001
20534.74020000001
19706.24020000001
19614.849600000012
19493.500000000007
19914.83980000001
20095.52930000001
20240.669900000015
20657.859400000016
20534.769500000017
20261.490200000015
20407.839800000016
20218.509800000018
20357.41990000002
20550.030000000013
20657.830100000014
20853.080100000014
20921.439500000015
21016.289100000013
20983.81050000001
20820.97070000001
21099.71090000001
21153.619100000018
21293.519500000017
21333.060500000014
21249.80080000002
21036.419900000015
21135.789100000016
21183.59960000002
21429.68950000002
21359.550800000005
21120.429700000008
21070.650400000006
21203.500000000007
20799.05080000002
20679.650400000013
21148.050800000015
21229.770000000015
21366.619100000014
21390.89060000001
21828.34960000001
21836.419900000008
22038.62000000001
22365.52000000001
22216.109400000016
22183.05080000002
22265.359400000016
22059.30080000001
21557.77930000001
21519.259800000007
21732.75980000001
21283.92970000001
21385.16020000001
21501.21090000001
21341.480500000005
20853.8301
20994.369100000004
20934.0703
20799.789100000013
20935.90040000001
20390.119100000007
20177.47070000001
19699.500000000004
20118.949200000006
20346.539100000013
20175.74020000001
20411.55080000001
20258.44920000001
19832.029300000006
19768.800800000008
19552.160200000006
19694.470700000013
19470.279300000006
19317.24020000001
19177.339800000012
19015.89060000001
19816.390000000003
19705.529300000006
19600.57030000001
19651.550800000015
19822.89060000001
19765.25000000001
19211.66990000001
19459.74020000001
19488.199200000006
19517.609400000012
19995.640600000002
20102.550800000008
19998.529300000006
20201.810500000003
20199.22070000001
20571.40040000001
20861.470700000005
20718.660200000006
20797.43950000002
20615.91990000002
20718.080100000014
20727.449200000017
19985.72070000002
20059.560500000014
19809.060500000018
19777.830100000017
19948.150400000006
20231.150400000006
20142.779300000006
20476.019500000006
20485.109400000012
20722.22070000001
20530.289100000013
20293.609400000012
20007.88090000001
20075.720700000013
20377.59960000001
20487.490200000007
20847.84960000001
20944.63090000001
20965.539100000013
20961.550800000015
21091.169900000008
21008.460900000005
21221.4297
21610.1797
21567.3301
21577.130900000004
21575.949200000006
21640.529300000006
21764.23050000001
21542.269500000006
21039.419900000008
21095.169900000008
20881.949200000003
21081.310500000007
21167.880900000007
21094.699200000006
20929.7207
20963.250000000004
20759.34960000001
20603.570300000007
20603.1797
20563.0898
20797.009800000003
20539.2207
20570.519500000002
20864.400400000006
20918.810500000007
21155.910200000006
21419.910200000002
21213.199200000006
21169.820300000003
21310.72070000001
21396.900400000013
21760.73050000002
21819.949200000017
21694.21000000002
21744.529300000017
21918.449200000017
22118.580100000017
22077.380900000022
21972.880900000015
22351.330100000017
22329.820300000014
22314.560500000014
22287.080100000014
22542.360000000015
22532.040000000015
23006.20000000001
22996.730000000007
22861.150000000005
23169.13000000001
23161.210000000003
23329.320000000018
23685.260000000013
23733.79000000001
23693.120000000014
23551.31000000002
23423.820000000014
23736.790000000015
23647.320000000014
23551.140000000018
23727.630000000016
23543.730000000014
23290.54000000001
23177.690000000002
23366.82
23608.18
23802.059999999998
24377.07000000001
24905.43000000001
24838.220000000005
24858.340000000007
24672.500000000015
24598.810000000012
24404.910000000018
24371.77000000002
24009.84000000001
23432.23000000001
23437.80000000001
23625.310000000012
23499.630000000016
23290.28000000001
23107.440000000017
23110.02000000002
22995.300000000014
22832.050000000014
23122.400000000016
22973.800000000017
23554.750000000015
23555.76000000001
23507.200000000008
23177.400000000012
23362.660000000014
23167.870000000014
23091.520000000015
23399.470000000012
23451.400000000016
23371.34000000001
22949.780000000013
22660.88000000002
22708.43000000001
22711.46000000001
23039.85000000001
23139.580000000013
22932.50000000002
22553.150400000017
22725.38090000002
22987.84000000002
23079.840000000015
23135.640000000018
23477.31000000002
23650.180000000022
23861.220000000012
23744.03000000001
23715.470000000012
23606.760000000006
23951.990000000013
24347.34000000001
24273.620000000003
24276.47
24149.440000000013
24321.25000000002
24248.32000000001
23913.190000000006
23970.300000000003
23891.680000000008
23802.880000000016
23771.120000000014
23763.74000000001
23314.690000000006
23451.62
23700.16
23853.63000000001
23613.49000000001
23535.410000000018
23035.640000000014
22752.550000000007
22920.29000000001
23037.03000000001
23015.39000000001
23173.480000000014
23342.670000000016
23500.11000000002
23170.520000000015
22983.370000000014
22856.780000000017
22727.040000000015
22900.150000000016
23317.960000000017
23114.43000000002
23102.830000000013
23406.770000000015
23257.14000000001
23401.49000000001
23863.93000000001
23818.640000000018
23437.500000000015
23207.150000000016
23110.71000000001
22814.50000000001
22237.240000000013
22387.98000000001
22401.060000000012
22732.95000000001
22797.940000000013
23005.490000000016
23135.380000000012
23114.070000000014
22997.35000000001
23192.79000000001
23618.060000000005
23664.480000000003
23917.010000000013
24182.830000000013
24317.82000000001
24306.440000000013
24394.990000000013
24142.55000000001
23981.050000000014
23951.880000000016
24086.550000000007
23977.870000000006
23654.860000000015
23709.290000000015
24090.55000000001
23964.62000000001
24193.280000000006
24103.030000000006
23774.470000000016
23794.860000000015
23582.600000000017
23228.01000000002
23035.94000000001
23239.15000000001
23509.010000000017
23112.13000000002
23120.000000000007
23054.060000000012
22896.20000000001
22968.62000000001
23125.280000000006
23215.62000000001
22942.96000000001
22693.10000000001
22558.33000000002
22848.060000000016
22939.95000000001
23117.80000000001
23380.290000000023
23686.77000000002
23280.050000000014
23338.760000000013
22762.210000000017
22757.620000000014
22628.130000000016
22641.620000000014
22172.61000000001
22298.470000000012
22532.84000000001
22048.280000000013
21969.68000000002
21770.79000000002
21783.86000000001
22044.160000000014
21777.11000000001
21843.760000000013
21888.04000000001
22168.93000000001
22229.840000000007
22233.700000000008
22813.250000000007
22821.750000000007
22645.350000000002
22587.500000000004
22706.240000000005
22598.620000000003
22092.57000000001
21794.370000000014
21936.87000000001
21872.560000000012
21727.930000000008
21805.000000000007
22072.89000000001
22058.63000000001
22231.60000000001
22287.370000000006
22285.04000000001
22489.700000000015
22246.70000000001
22544.51000000001
22739.55000000001
22532.77000000001
22015.670000000002
22019.920000000002
20939.4
20409.010000000002
19209.70000000001
19993.780000000006
19319.430000000008
19955.820000000007
20056.780000000013
20344.750000000015
20318.370000000006
20261.21000000001
19478.820000000007
19465.30000000001
19476.470000000012
19863.11000000001
19744.52000000001
19733.710000000014
19883.060000000012
20203.55000000001
20256.34000000001
20790.220000000016
20557.920000000013
19830.500000000015
19378.780000000013
19836.250000000015
20159.290000000015
19997.890000000014
19264.68000000002
19216.29000000002
19186.760000000013
19545.50000000002
19247.59000000002
19008.610000000022
18891.500000000022
18296.800000000025
17585.79000000001
17634.42000000001
17818.970000000012
17962.490000000016
17946.240000000016
17179.200000000015
16731.580000000016
16975.000000000015
17540.72000000001
17853.26000000001
18441.87000000001
17990.560000000012
18601.650000000016
18639.430000000015
18808.660000000014
18411.400000000012
18400.33000000001
18198.12000000001
18034.200000000008
18444.160000000007
18867.510000000002
18727.96
19067.59
20152.220000000005
20027.720000000012
19461.080000000013
19091.85000000001
19418.82000000001
19922.77000000001
19894.22000000001
19848.500000000007
20067.380000000012
19091.400000000012
19143.580000000013
19600.370000000006
19305.28000000001
19483.10000000001
18686.17000000001
18561.040000000008
18213.72000000001
18225.480000000018
17954.580000000016
17657.69000000001
17658.780000000013
18019.21000000001
18225.10000000001
18192.290000000015
19033.960000000014
18977.200000000015
19117.89000000001
19011.810000000016
19114.020000000015
19112.330000000016
18721.16000000001
18853.320000000014
18327.45000000001
18301.050000000014
18122.730000000014
18025.600000000013
18053.640000000014
18044.75000000001
18462.64000000001
18356.87000000001
18589.680000000008
18621.50000000001
18329.61000000001
18489.04000000001
18770.64000000001
18970.60000000001
18753.380000000016
18784.86000000001
18588.36000000001
18948.120000000006
19071.900000000012
19112.76000000001
19232.210000000006
19070.740000000016
19198.090000000015
19651.59000000001
19842.460000000006
20161.720000000016
20453.470000000016
20443.460000000014
20518.000000000015
20326.490000000013
20394.670000000013
20638.960000000017
20680.710000000017
21015.550000000014
20808.050000000014
20827.890000000014
20922.290000000015
20986.25000000001
20718.800000000014
20845.240000000016
20993.580000000013
21266.510000000002
21503.590000000004
21760.34000000001
21434.310000000012
21339.02000000001
21356.530000000013
21438.970000000016
21381.66000000001
21303.39000000001
21643.85000000001
21578.190000000006
21618.150000000012
21518.03000000001
21173.74000000001
20521.96000000001
20722.950000000015
20930.930000000015
21073.59000000002
21279.410000000014
21564.21000000001
21323.060000000016
21350.25000000001
21454.010000000013
21183.04000000001
20948.13000000001
20886.120000000006
20740.56000000001
20672.370000000006
20921.800000000007
20959.980000000007
20720.340000000007
20380.06000000001
20662.970000000016
20704.150000000016
20479.27000000002
20387.430000000015
20092.960000000014
20179.720000000016
20640.500000000007
20516.09000000001
20678.040000000015
20800.210000000014
20767.460000000014
20933.27000000001
20970.96000000001
20606.17000000001
20751.54000000001
20753.18000000001
20916.080000000016
20889.77000000001
21245.48000000001
21209.44000000001
21107.190000000013
20658.410000000014
20647.380000000012
20361.55000000001
20313.970000000016
20083.27000000002
20037.520000000015
19702.54000000001
19655.34000000001
19369.430000000015
18787.000000000015
18902.000000000015
19061.420000000002
18842.320000000003
18755.09000000001
18734.380000000012
18672.320000000014
18735.500000000015
18897.120000000017
18470.77000000002
18498.910000000007
18249.61000000001
18373.220000000012
18349.68000000001
18825.500000000004
18797.940000000006
18978.88
18719.890000000003
18948.45000000001
18901.710000000006
18924.090000000015
19578.130000000016
19451.20000000001
19551.890000000014
19480.710000000014
18992.900000000016
19019.03000000001
18850.470000000012
18990.17000000001
19305.740000000016
18996.570000000018
19765.410000000014
19833.840000000015
19757.420000000016
19752.830000000016
19634.84000000001
19504.420000000013
19264.580000000016
19356.79000000001
19069.36000000001
19107.05000000001
19156.960000000014
19452.240000000016
19393.450000000015
19613.78000000001
19259.36000000001
19078.140000000014
18762.20000000001
18870.330000000016
19165.030000000013
19505.030000000013
19661.410000000018
19646.960000000014
19784.150000000016
19553.79000000001
20052.50000000001
20033.87000000001
20188.880000000012
20149.200000000023
20204.710000000017
20188.480000000018
20251.420000000013
20125.290000000015
20151.69000000001
20057.310000000016
20080.32000000001
20111.970000000016
19996.730000000018
19935.130000000012
19930.45000000001
19939.54000000001
19723.300000000014
19857.61000000001
19657.200000000015
19516.95000000001
19414.62000000001
19540.930000000008
19330.16000000001
19101.930000000008
19537.930000000008
19876.410000000014
19757.370000000014
19996.140000000007
20061.97000000001
20479.380000000016
20758.490000000016
20622.120000000014
20609.520000000015
20816.770000000015
20697.270000000015
20611.10000000001
20694.330000000013
20485.990000000013
20487.360000000008
20757.970000000016
20951.380000000012
20914.320000000014
21007.600000000013
20979.530000000013
20926.830000000016
20785.060000000012
20813.05000000001
21051.09000000001
21137.610000000008
21257.090000000007
21421.870000000006
21490.86000000002
21565.75000000002
21440.010000000017
21561.59000000002
21792.67000000001
21847.700000000015
21478.120000000006
21549.17000000001
21539.490000000013
21573.930000000015
22066.290000000015
22044.210000000014
21959.99000000001
22020.400000000012
21785.830000000013
21433.60000000001
21367.57000000001
21372.870000000014
21250.970000000016
21188.94000000001
21203.820000000007
21209.95000000001
21478.00000000001
21367.550000000007
21595.590000000007
21729.720000000012
21986.360000000015
21969.710000000014
21764.910000000014
21821.050000000014
21949.400000000012
22070.440000000013
21786.070000000014
21819.010000000017
22355.89000000001
22294.730000000014
22377.56000000002
22295.99000000002
22412.900000000016
22500.99000000002
22396.720000000016
22590.76000000001
22525.460000000014
22654.650000000016
22602.990000000016
22565.090000000015
22494.710000000014
22705.460000000014
22706.33000000001
22584.440000000002
22860.250000000004
23390.540000000005
23370.360000000015
23345.20000000001
23264.030000000006
23154.710000000006
23240.070000000007
23478.810000000012
23326.820000000007
23388.47000000001
23390.190000000006
23471.670000000002
23509.490000000013
23565.960000000014
23596.380000000016
23700.450000000015
23585.100000000013
23653.540000000015
23621.950000000026
23659.110000000022
23767.33000000002
23799.170000000016
23763.34000000001
23866.800000000017
23406.99000000002
23292.430000000015
23259.82000000001
23101.090000000015
23460.310000000016
23315.410000000014
23477.490000000013
23368.22000000001
23310.93000000001
23026.18000000001
22840.320000000014
22852.890000000014
22639.970000000016
22656.400000000016
22826.42000000001
22957.090000000015
22866.510000000013
22621.60000000001
22750.580000000013
22729.29000000001
22839.270000000015
23131.440000000013
23133.000000000007
22901.12000000001
22484.25000000001
22705.92000000001
22185.32000000001
22138.10000000001
21990.040000000008
22285.810000000012
22186.24000000002
22327.53000000002
22208.06000000002
22385.470000000016
22390.35000000002
22203.930000000022
22527.120000000014
22230.93000000002
21733.78000000001
21800.240000000016
21963.37000000001
22198.490000000013
22185.36000000002
21998.740000000016
21571.580000000016
21794.69000000001
21440.330000000016
21517.940000000017
22038.130000000016
22085.700000000015
22067.040000000015
22298.640000000014
22559.970000000012
22567.630000000016
22769.59000000001
22692.330000000016
22811.840000000015
22967.78000000001
22924.29000000001
23215.950000000015
23353.680000000008
23213.59000000001
23245.580000000016
23124.24000000002
23074.260000000017
23110.190000000017
23348.74000000002
23425.690000000017
23341.060000000016
23066.71000000001
22679.36000000001
22571.630000000016
22710.20000000001
22826.850000000006
22562.510000000006
22582.550000000007
22301.68000000001
22320.50000000001
22141.67000000001
21908.450000000008
21768.24000000001
21592.900000000005
21542.300000000007
21069.260000000006
21083.410000000003
21007.280000000006
21102.600000000013
21188.400000000016
20668.800000000007
19969.980000000007
20023.440000000006
19775.980000000007
20090.760000000006
20456.470000000012
20596.63000000001
21004.56000000001
20568.56000000001
20334.940000000006
20740.700000000008
20598.21000000001
20610.56000000001
20841.730000000007
21177.63000000001
21522.150000000012
21278.62000000001
21333.070000000007
21368.770000000015
21426.900000000012
21451.600000000013
21498.960000000014
21517.20000000001
21912.90000000001
21872.14000000001
21892.340000000015
21896.120000000014
21870.14000000001
21888.800000000014
22025.75000000002
22264.770000000008
22273.82000000001
22000.940000000006
21756.470000000012
21697.870000000014
21760.050000000014
21796.46000000001
22368.470000000012
22568.050000000007
22450.830000000005
22432.870000000006
22396.29000000001
21964.690000000013
21538.190000000013
22006.41000000001
21943.400000000016
21907.43000000001
21584.560000000016
21612.95000000001
21618.34000000001
21948.720000000012
22323.00000000001
22171.930000000008
22538.960000000006
22615.980000000014
22770.25000000001
22932.60000000001
23095.86000000001
22952.850000000013
22920.76000000001
23210.36000000001
23246.910000000014
23213.790000000008
23549.890000000007
23414.980000000003
23324.380000000005
23192.71000000001
23192.700000000008
23199.090000000007
22946.74000000001
22997.210000000006
23167.20000000001
23051.55000000001
23152.920000000006
22988.22000000001
23002.08000000001
23077.47000000001
23318.460000000006
23399.79000000001
23350.940000000006
23351.48000000001
23261.65000000001
23494.370000000006
23309.010000000006
23455.40000000001
22975.550000000003
22758.37000000001
22753.750000000015
22842.330000000013
22966.950000000015
23134.390000000007
23208.800000000003
23322.070000000007
23313.610000000008
23042.110000000008
23023.73000000001
22713.00000000001
22781.99000000001
23051.76000000001
22665.91000000001
22673.320000000014
22749.600000000013
23397.730000000018
23834.52000000002
23774.310000000023
23661.420000000016
23752.280000000013
23829.970000000016
23675.370000000014
23653.950000000015
23934.940000000017
23862.38000000002
23936.15000000002
23887.770000000022
23719.60000000002
23634.090000000026
23620.31000000002
23970.000000000022
23799.45
23686.8
23265.130000000012
23080.19000000001
23138.28000000001
23281.38000000001
23076.54
23404.450000000004
22904.180000000015
22946.55000000001
23045.64000000001
23138.910000000007
23353.54000000002
23328.440000000013
23452.76000000001
23097.98000000001
22732.83000000002
22689.25000000002
22834.810000000016
22925.230000000014
22735.930000000015
23046.41000000001
22637.550000000014
22985.78000000001
23085.14000000001
22898.480000000007
23048.130000000012
23040.84000000001
22954.770000000015
23082.010000000013
22522.440000000013
22019.10000000001
22012.510000000006
22111.63000000001
21827.330000000013
21561.700000000008
21564.88000000001
21320.910000000007
21498.09000000001
21646.750000000007
21623.790000000008
22057.70000000001
22297.700000000008
22382.720000000012
22463.400000000012
22535.200000000015
22600.60000000001
22595.910000000014
22617.630000000016
22576.35000000001
22498.42000000001
22297.620000000014
22465.96000000001
22942.96000000001
22630.77000000001
22542.170000000013
22839.430000000022
22588.770000000026
22728.530000000017
22339.420000000016
22234.610000000015
22019.030000000013
21920.94000000001
21612.070000000014
21494.37000000001
21549.220000000016
21585.120000000014
21352.490000000016
21239.090000000015
21657.550000000014
21773.64000000001
21889.760000000013
21897.070000000014
21930.400000000016
22244.160000000014
22292.32000000001
22598.400000000016
22666.060000000012
22476.250000000015
22416.470000000016
22390.14000000001
22725.43000000001
22949.790000000015
23150.80000000001
22911.820000000014
23054.350000000013
22686.210000000014
22858.790000000015
22718.69000000001
22855.26000000001
22527.380000000012
22524.560000000012
22122.380000000016
22172.08000000002
22466.04000000001
22194.660000000014
22195.80000000001
21904.52000000001
21804.650000000016
21819.94000000001
21921.59000000001
22436.240000000013
22484.49000000001
22726.590000000007
22645.52000000001
22751.240000000013
22758.020000000008
22715.580000000013
22942.270000000015
23010.450000000015
23055.470000000012
22953.120000000014
23023.82000000001
23103.310000000016
23074.790000000015
23327.51000000001
23284.170000000013
23142.66000000001
23231.320000000018
23086.940000000013
23206.200000000015
23281.14000000001
23127.82000000002
23099.870000000017
23299.040000000015
23237.630000000012
23128.220000000016
23264.920000000013
23199.180000000008
23165.26000000001
22915.92000000001
22935.06000000001
22947.84000000001
23188.48000000001
23273.190000000006
23326.53000000001
23553.60000000001
23609.320000000003
23581.400000000005
23555.31000000001
23408.050000000014
23281.450000000015
23155.690000000006
23310.160000000007
23482.840000000015
23490.43000000002
23583.350000000013
23316.460000000014
23484.530000000017
23465.810000000016
23841.220000000012
24080.61000000001
24247.20000000001
24249.27000000001
24526.63000000002
24704.580000000016
24805.75000000002
24594.230000000014
24590.110000000015
24679.110000000015
24558.82000000002
24498.830000000024
24307.100000000024
24533.340000000022
24668.570000000018
24726.240000000023
24894.18000000002
24969.72000000002
24943.600000000017
25045.55000000002
25156.95000000001
25142.34000000002
25113.730000000014
25049.960000000017
25147.75000000002
25134.490000000023
25055.81000000002
24748.190000000017
24703.740000000016
24699.760000000013
24786.040000000015
25268.44000000001
25356.560000000016
25293.090000000015
24969.39000000002
24701.730000000018
24620.190000000013
24410.380000000016
24318.820000000014
24380.280000000013
24294.640000000018
24334.65000000002
24072.180000000022
23882.590000000026
23788.98000000002
24048.380000000023
23581.560000000023
23399.51000000002
23137.260000000013
22691.590000000015
23053.79000000002
23224.22000000002
23221.760000000017
23461.35000000002
23198.800000000014
22884.00000000001
23064.920000000013
23087.500000000015
22913.50000000001
22904.11000000001
23239.780000000013
23073.360000000015
23300.45000000001
23296.000000000015
23311.88000000002
23275.400000000016
23189.830000000016
23703.95000000002
23841.74000000002
23913.690000000017
24133.45000000002
23849.720000000023
23846.840000000015
23737.760000000013
23607.650000000016
24074.850000000013
23809.41000000001
23883.310000000012
23854.33000000001
24048.360000000008
24313.060000000005
23868.90000000001
23466.070000000014
23401.000000000015
23353.720000000012
23883.32000000001
23841.160000000018
23833.190000000017
24169.850000000017
23982.29000000002
23678.00000000001
23400.11000000001
23756.050000000003
23554.810000000005
23907.780000000006
24113.140000000007
23910.410000000007
23442.690000000006
23269.51000000001
23328.990000000013
22977.840000000015
22877.300000000014
22697.68000000001
22878.340000000007
23158.27000000001
23264.05000000001
23423.33
23290.42
23694.530000000006
23853.130000000005
23480.81000000001
23683.63000000001
23699.19
23515.13
23396.700000000004
23920.35
24049.700000000004
24118.590000000004
23908.230000000014
24276.330000000013
24169.35000000001
24196.85000000001
23971.230000000003
23798.46
24036.410000000003
24480.020000000004
24807.36000000001
24907.190000000013
24995.080000000013
24799.980000000007
24645.200000000008
24771.370000000006
24347.270000000008
24542.49000000001
24750.760000000013
25048.260000000013
24843.20000000001
24529.55000000001
24475.04000000002
24512.620000000014
24377.59000000001
24535.66000000001
24717.490000000013
24653.880000000012
24836.05000000001
24916.240000000013
24776.72000000002
24822.280000000017
24718.28000000001
24902.61000000001
24996.760000000013
24984.620000000014
24656.94000000001
24274.900000000016
24235.760000000013
23982.50000000001
24150.680000000015
23807.100000000013
23709.170000000013
23808.970000000016
23771.400000000012
24106.470000000012
23938.630000000012
24325.560000000012
24417.53000000001
24538.340000000015
24484.680000000015
24410.530000000013
24442.510000000017
24541.440000000017
24727.46000000002
25113.20000000002
24955.20000000002
25214.330000000016
25708.240000000023
26913.280000000017
27373.68000000002
27374.33000000002
27688.26000000002
27693.250000000025
27557.29000000002
27808.240000000023
27770.790000000015
27404.150000000016
27821.320000000014
28112.380000000012
27978.39000000001
28245.140000000018
28448.220000000023
28453.10000000002
28289.14000000001
28231.260000000013
28295.720000000016
27698.100000000013
27567.620000000014
27557.520000000015
27837.040000000015
27664.180000000015
27473.500000000004
27395.920000000002
27459.580000000005
27792.44
27597.070000000007
27751.440000000002
27507.320000000014
27723.670000000013
28462.320000000014
28214.66000000001
28162.250000000015
27398.280000000013
27373.060000000016
27473.450000000015
27716.340000000007
27645.36000000001
27538.060000000023
27147.240000000023
27295.880000000016
27052.79000000001
26938.15000000001
27082.600000000006
27095.180000000008
26807.670000000006
26671.200000000008
26786.53000000001
26885.730000000003
26854.32
27126.470000000023
27397.370000000017
27329.170000000013
27016.09000000002
26560.130000000026
25944.030000000028
26459.430000000022
26349.840000000026
26083.99000000002
25391.760000000017
24411.30000000001
23435.500000000015
24567.92000000002
24709.580000000024
25184.06000000002
25219.500000000015
24976.08000000003
25246.64000000003
25540.31000000003
25428.88000000003
25401.790000000015
25308.550000000017
25279.95000000002
24906.78000000002
24269.90000000001
24630.44000000001
24822.420000000016
24650.93000000002
24533.140000000007
24364.41000000001
24466.300000000017
24527.74000000002
24327.56000000002
24433.660000000018
24694.780000000013
24269.110000000015
23935.480000000018
24055.02000000002
23945.60000000002
23956.860000000022
23555.020000000015
22973.870000000014
22343.25000000001
21605.970000000012
21119.530000000013
21434.250000000015
21758.620000000006
22424.400000000012
21793.020000000015
21692.780000000017
21101.420000000013
21158.930000000015
20683.310000000016
20636.83000000002
21632.690000000013
21667.86000000002
21710.130000000012
21678.880000000012
21527.530000000006
21731.34000000001
22172.680000000015
21807.250000000015
21614.430000000015
21794.34000000001
21529.47000000001
21304.90000000001
21070.39000000001
20579.220000000012
20795.93000000002
21172.940000000013
21930.970000000016
22169.100000000013
21884.73000000001
22588.69000000001
22615.940000000013
22614.330000000013
22677.600000000013
22398.820000000014
22667.420000000016
23133.590000000015
23085.610000000015
22991.600000000013
22795.580000000013
23220.380000000016
23423.640000000018
23053.12000000002
23070.70000000001
23054.530000000013
22785.860000000015
22502.280000000013
22603.150000000016
22737.44000000001
23045.100000000013
22914.20000000001
22753.510000000013
22505.700000000015
22394.15000000002
22477.600000000017
22494.09000000002
21958.280000000013
22315.18000000002
22331.770000000022
22423.880000000016
22510.450000000015
22760.05000000001
22593.09000000001
22533.53000000001
22749.60000000001
22555.420000000013
21974.810000000012
22197.810000000012
22471.350000000006
22327.04000000002
22142.11000000002
22336.32000000001
22058.550000000014
21773.770000000015
21714.230000000014
21719.17000000001
21063.28000000001
21215.54000000001
21557.730000000007
21841.090000000007
21656.56000000001
21641.170000000006
21846.90000000001
21869.400000000012
22207.82000000001
22151.730000000014
21923.270000000015
22094.59000000002
21892.250000000015
21782.620000000014
21318.690000000013
21142.630000000012
20772.600000000013
20491.88000000001
19997.42000000001
20030.030000000002
20028.860000000004
19578.92000000001
19781.46000000001
19287.380000000012
19283.570000000007
19332.22000000001
19079.130000000012
19000.790000000008
19341.41000000001
19068.840000000007
19211.86000000001
19093.77000000001
19138.420000000006
19770.96000000001
19474.870000000006
18910.88000000001
19190.360000000004
19287.36000000001
18486.93000000001
18278.80000000001
18668.87000000001
19013.740000000016
19198.18000000001
19409.210000000014
19238.430000000015
19374.240000000013
19506.94000000001
19282.340000000007
19215.49000000001
19179.95000000001
19366.170000000006
19259.990000000013
19788.170000000006
20082.01000000002
20052.100000000017
20306.09000000001
20132.100000000013
19898.740000000013
20055.420000000006
19900.67000000001
20371.590000000007
20298.150000000012
20339.900000000012
20580.060000000012
20599.19000000001
20738.25000000001
20765.07000000001
20629.40000000001
20450.69000000001
20386.32000000001
20545.440000000013
20811.460000000014
20786.180000000015
20311.860000000008
20100.000000000007
20297.82000000001
20061.60000000001
20255.84000000001
20440.720000000016
20739.34000000001
21456.610000000015
21374.650000000016
21129.680000000015
21438.130000000012
21452.820000000014
21406.400000000016
21448.150000000016
21408.560000000016
21380.020000000015
21372.330000000013
21488.96000000001
21215.20000000001
21061.77000000001
20556.500000000015
20363.860000000015
20357.45000000002
20279.900000000016
19962.430000000008
20347.76000000001
20100.50000000001
19843.49000000001
19711.77000000001
19987.240000000013
19862.42000000001
19729.63000000001
19631.710000000006
19788.130000000012
19828.020000000008
20156.760000000006
20373.480000000003
20425.0
20523.670000000006
20617.33000000001
20726.530000000013
20769.810000000012
20956.080000000013
20971.130000000016
21218.960000000014
21294.27000000001
21240.080000000013
20647.510000000006
20476.750000000004
20161.010000000006
20284.910000000003
20244.230000000003
20425.06000000001
20522.36000000001
20553.94000000001
20862.59000000001
20483.51000000001
19982.66000000001
19898.75000000001
20217.07000000001
20736.85000000001
20967.470000000012
20919.520000000008
20475.400000000012
20606.680000000015
20622.830000000016
20951.17000000001
21046.940000000013
21356.64000000001
21297.54000000001
21589.08000000001
21656.880000000012
21734.34000000002
21646.390000000014
21971.970000000016
21913.040000000015
22071.770000000015
21890.89000000001
22193.31000000001
22134.120000000006
22055.950000000015
22027.650000000012
21743.320000000014
21873.360000000015
21961.050000000014
22324.18000000001
22464.100000000013
22511.100000000013
22412.31000000001
22788.88000000001
22765.230000000007
23008.090000000007
22995.51000000001
23046.69000000001
23153.740000000005
22941.530000000006
22927.47000000001
23010.630000000012
22814.37000000001
22827.22000000001
22904.20000000001
22945.08000000001
23043.080000000013
22897.160000000007
23157.010000000017
23576.31000000002
23683.28000000002
23785.230000000025
23704.360000000015
23924.77000000001
23596.030000000017
23564.130000000016
23225.580000000013
23237.200000000015
23486.62000000001
23494.01000000001
23522.86000000001
23920.18000000001
23836.600000000013
23554.830000000016
23356.030000000024
23455.73000000002
23828.600000000013
23435.290000000015
