21450.11765000001
21450.11765000001
21450.11765000001
21450.11765000001
21956.650375000016
21956.650375000016
21956.650375000016
21956.650375000016
21501.794925000013
21501.794925000013
21501.794925000013
21501.794925000013
22820.663100000012
22820.663100000012
22820.663100000012
22820.663100000012
22594.130350000014
22594.130350000014
22594.130350000014
22594.130350000014
22514.592275000014
22514.592275000014
22514.592275000014
22514.592275000014
21872.410125000002
21872.410125000002
21872.410125000002
21872.410125000002
21194.32030000001
21194.32030000001
21194.32030000001
21194.32030000001
20728.119625000014
20728.119625000014
20728.119625000014
20728.119625000014
21188.890150000014
21188.890150000014
21188.890150000014
21188.890150000014
20730.82810000001
20730.82810000001
20730.82810000001
20730.82810000001
20304.609375000015
20304.609375000015
20304.609375000015
20304.609375000015
19370.810550000017
19370.810550000017
17968.89945000001
17968.89945000001
18018.67525
19713.94485
18866.31005
18866.31005
18614.797350000004
18614.797350000004
18614.797350000004
18614.797350000004
17678.370125
17678.370125
17678.370125
17678.370125
15621.000250000006
15621.000250000006
14863.355200000007
16378.645300000006
16415.590350000002
16415.590350000002
14892.364750000004
14892.364750000004
15182.08985000001
15182.08985000001
14013.544900000012
14013.544900000012
13034.415050000009
11431.87495000001
12233.145000000004
12233.145000000004
14256.80735000001
14256.80735000001
14256.80735000001
14256.80735000001
14404.564950000009
14404.564950000009
14404.564950000009
14404.564950000009
13686.000000000004
13686.000000000004
13686.000000000004
13686.000000000004
12889.94482500001
12889.94482500001
12889.94482500001
12889.94482500001
12841.297600000009
12841.297600000009
12841.297600000009
12841.297600000009
13738.74730000001
13738.74730000001
13738.74730000001
13738.74730000001
13997.35010000001
13997.35010000001
13997.35010000001
13997.35010000001
15175.812475000012
15175.812475000012
15175.812475000012
15175.812475000012
15283.872325
15283.872325
15283.872325
15283.872325
14538.70725000001
14538.70725000001
14538.70725000001
14538.70725000001
14498.567650000008
14498.567650000008
14498.567650000008
14498.567650000008
15119.047400000009
15119.047400000009
15119.047400000009
15119.047400000009
13930.275150000007
13930.275150000007
13930.275150000007
13930.275150000007
13199.557375
13199.557375
13199.557375
13199.557375
12743.66235000001
12743.66235000001
12743.66235000001
12743.66235000001
12995.119850000003
12995.119850000003
12995.119850000003
12995.119850000003
13620.90990000001
13620.90990000001
13620.90990000001
13620.90990000001
13444.514900000004
13444.514900000004
13444.514900000004
13444.514900000004
12920.982675000008
12920.982675000008
12920.982675000008
12920.982675000008
12968.409900000002
12968.409900000002
12968.409900000002
12968.409900000002
12373.515150000003
12373.515150000003
12373.515150000003
12373.515150000003
11792.847525000003
11792.847525000003
11792.847525000003
11792.847525000003
12358.675075000006
12358.675075000006
12358.675075000006
12358.675075000006
12989.922350000008
12989.922350000008
12989.922350000008
12989.922350000008
13772.212650000009
13772.212650000009
13772.212650000009
13772.212650000009
13667.84740000001
13667.84740000001
13667.84740000001
13667.84740000001
14748.667450000006
14748.667450000006
14748.667450000006
14748.667450000006
15156.51272500001
15156.51272500001
15156.51272500001
15156.51272500001
15555.264875000012
15555.264875000012
15555.264875000012
15555.264875000012
15048.044925000002
15048.044925000002
15048.044925000002
15048.044925000002
14756.030300000008
14756.030300000008
15951.02000000001
15951.02000000001
16968.102525000013
16968.102525000013
16968.102525000013
16968.102525000013
16960.724600000005
16960.724600000005
16960.724600000005
16960.724600000005
17208.369575000004
17208.369575000004
17208.369575000004
17208.369575000004
17093.847625000013
17093.847625000013
17093.847625000013
17093.847625000013
18333.48485
18333.48485
18333.48485
18333.48485
18503.040025000013
18503.040025000013
18503.040025000013
18503.040025000013
18631.214850000015
18631.214850000015
18631.214850000015
18631.214850000015
18131.430175000012
18131.430175000012
18131.430175000012
18131.430175000012
17852.75
17852.75
17852.75
17852.75
18445.63235000001
18445.63235000001
18445.63235000001
18445.63235000001
18055.782725000015
18055.782725000015
18055.782725000015
18055.782725000015
17618.677725000005
17618.677725000005
17618.677725000005
17618.677725000005
18327.980000000014
18327.980000000014
18327.980000000014
18327.980000000014
19517.492175000014
19517.492175000014
19517.492175000014
19517.492175000014
20248.611825000018
20248.611825000018
20248.611825000018
20248.611825000018
20602.77492500001
20602.77492500001
20602.77492500001
20602.77492500001
20674.724525
20674.724525
20674.724525
20674.724525
20816.020500000006
20816.020500000006
20816.020500000006
20816.020500000006
20181.752450000018
20181.752450000018
20181.752450000018
20181.752450000018
20406.629875000013
20406.629875000013
20406.629875000013
20406.629875000013
19984.464850000015
19984.464850000015
19984.464850000015
19984.464850000015
20057.902325000014
20057.902325000014
20057.902325000014
20057.902325000014
21037.957500000015
21037.957500000015
21037.957500000015
21037.957500000015
21242.499725000012
21242.499725000012
21242.499725000012
21242.499725000012
21598.239725000014
21598.239725000014
21598.239725000014
21598.239725000014
20919.177750000013
20919.177750000013
20919.177750000013
20919.177750000013
20642.834950000004
20642.834950000004
20642.834950000004
20642.834950000004
21383.319825000013
21383.319825000013
21383.319825000013
21383.319825000013
21820.70510000001
21820.70510000001
21820.70510000001
21820.70510000001
22278.512675000013
22278.512675000013
22278.512675000013
22278.512675000013
21946.472650000014
21946.472650000014
21946.472650000014
21946.472650000014
21556.972150000012
21556.972150000012
21556.972150000012
21556.972150000012
21946.127950000013
21946.127950000013
21946.127950000013
21946.127950000013
22630.598150000016
22630.598150000016
22630.598150000016
22630.598150000016
22713.370125000012
22713.370125000012
22713.370125000012
22713.370125000012
22504.185400000013
22504.185400000013
22504.185400000013
22504.185400000013
21839.680175000012
21839.680175000012
21839.680175000012
21839.680175000012
22359.374975000013
22359.374975000013
22359.374975000013
22359.374975000013
21857.414575000013
21857.414575000013
21857.414575000013
21857.414575000013
21487.292975000015
21487.292975000015
21487.292975000015
21487.292975000015
21221.469950000017
21221.469950000017
21221.469950000017
21221.469950000017
21587.194825000013
21587.194825000013
21587.194825000013
21587.194825000013
22197.244625000014
22197.244625000014
22197.244625000014
22197.244625000014
22195.877425000013
22195.877425000013
22195.877425000013
22195.877425000013
21627.27512500002
21627.27512500002
21627.27512500002
21627.27512500002
20868.392575000005
20868.392575000005
20868.392575000005
20868.392575000005
20155.189925000013
20155.189925000013
20155.189925000013
20155.189925000013
20394.912600000014
20394.912600000014
20394.912600000014
20394.912600000014
19732.117675000012
19732.117675000012
19732.117675000012
19732.117675000012
20378.88480000001
20378.88480000001
20378.88480000001
20378.88480000001
20340.507300000016
20340.507300000016
20340.507300000016
20340.507300000016
20742.827075000012
20742.827075000012
20742.827075000012
20742.827075000012
20859.352050000005
20859.352050000005
20859.352050000005
20859.352050000005
21213.444825000017
21213.444825000017
21213.444825000017
21213.444825000017
21204.297350000015
21204.297350000015
21204.297350000015
21204.297350000015
21075.117175000014
21075.117175000014
21075.117175000014
21075.117175000014
21110.969975000015
21110.969975000015
21110.969975000015
21110.969975000015
21643.039550000012
21643.039550000012
21643.039550000012
21643.039550000012
22142.907250000015
22142.907250000015
22142.907250000015
22142.907250000015
21762.907725000015
21762.907725000015
21762.907725000015
21762.907725000015
21449.354975000013
21449.354975000013
21449.354975000013
21449.354975000013
21024.67480000001
21024.67480000001
21024.67480000001
21024.67480000001
20508.839875000016
20508.839875000016
20508.839875000016
20508.839875000016
20176.482425000013
20176.482425000013
20176.482425000013
20176.482425000013
20057.007325000013
20057.007325000013
20057.007325000013
20057.007325000013
19444.517600000014
19444.517600000014
19444.517600000014
19444.517600000014
19539.929450000014
19539.929450000014
19539.929450000014
19539.929450000014
19633.88280000001
19633.88280000001
19633.88280000001
19633.88280000001
19529.892575000016
19529.892575000016
19529.892575000016
19529.892575000016
20031.210475
20031.210475
20031.210475
20031.210475
20718.645025000016
20718.645025000016
20718.645025000016
20718.645025000016
20599.964850000004
20599.964850000004
20599.964850000004
20599.964850000004
19990.157200000012
19990.157200000012
19990.157200000012
19990.157200000012
20188.430175000012
20188.430175000012
20188.430175000012
20188.430175000012
20374.41257500001
20374.41257500001
20374.41257500001
20374.41257500001
20358.117175000014
20358.117175000014
20358.117175000014
20358.117175000014
20929.95265000001
20929.95265000001
20929.95265000001
20929.95265000001
21248.520025000016
21248.520025000016
21248.520025000016
21248.520025000016
21645.498050000013
21645.498050000013
21645.498050000013
21645.498050000013
21236.354975000013
21236.354975000013
21236.354975000013
21236.354975000013
21086.185050000015
21086.185050000015
21086.185050000015
21086.185050000015
20791.130375000015
20791.130375000015
20791.130375000015
20791.130375000015
20620.780250000007
20620.780250000007
20620.780250000007
20620.780250000007
20955.004875000013
20955.004875000013
20955.004875000013
20955.004875000013
21228.82715000001
21228.82715000001
21228.82715000001
21228.82715000001
21692.869825000016
21692.869825000016
21692.869825000016
21692.869825000016
21999.624975000017
21999.624975000017
21999.624975000017
21999.624975000017
22237.222150000016
22237.222150000016
22237.222150000016
22237.222150000016
22624.09497500001
22624.09497500001
22624.09497500001
22624.09497500001
23039.377500000013
23039.377500000013
23039.377500000013
23039.377500000013
23634.21750000002
23634.21750000002
23634.21750000002
23634.21750000002
23621.81250000001
23621.81250000001
23621.81250000001
23621.81250000001
23401.14750000002
23401.14750000002
23401.14750000002
23401.14750000002
23641.337500000005
23641.337500000005
23641.337500000005
23641.337500000005
24771.855
24771.855
24771.855
24771.855
24362.667500000003
24362.667500000003
24362.667500000003
24362.667500000003
23537.64500000002
23537.64500000002
23537.64500000002
23537.64500000002
23124.675000000014
23124.675000000014
23124.675000000014
23124.675000000014
23075.315000000013
23075.315000000013
23075.315000000013
23075.315000000013
23358.785000000014
23358.785000000014
23358.785000000014
23358.785000000014
23186.210000000006
23186.210000000006
23186.210000000006
23186.210000000006
22947.542500000014
22947.542500000014
22947.542500000014
22947.542500000014
22895.275000000012
22895.275000000012
22895.275000000012
22895.275000000012
22856.042500000014
22856.042500000014
22856.042500000014
22856.042500000014
23474.45000000001
23474.45000000001
23474.45000000001
23474.45000000001
23690.132500000014
23690.132500000014
23690.132500000014
23690.132500000014
24201.197500000006
24201.197500000006
24201.197500000006
24201.197500000006
24113.540000000005
24113.540000000005
24113.540000000005
24113.540000000005
23803.367500000015
23803.367500000015
23803.367500000015
23803.367500000015
23614.0675
23614.0675
23614.0675
23614.0675
23227.63500000001
23227.63500000001
23227.63500000001
23227.63500000001
23001.682500000014
23001.682500000014
23001.682500000014
23001.682500000014
23343.327500000007
23343.327500000007
23343.327500000007
23343.327500000007
22964.582500000015
22964.582500000015
22964.582500000015
22964.582500000015
23244.09000000001
23244.09000000001
23244.09000000001
23244.09000000001
23612.472500000003
23612.472500000003
23612.472500000003
23612.472500000003
22993.697500000013
22993.697500000013
22993.697500000013
22993.697500000013
22531.945000000007
22531.945000000007
22531.945000000007
22531.945000000007
22991.885000000013
22991.885000000013
22991.885000000013
22991.885000000013
23460.302500000013
23460.302500000013
23460.302500000013
23460.302500000013
24278.375000000007
24278.375000000007
24278.375000000007
24278.375000000007
24107.117500000015
24107.117500000015
24107.117500000015
24107.117500000015
23813.775
23813.775
23813.775
23813.775
23961.040000000015
23961.040000000015
23961.040000000015
23961.040000000015
23482.727500000023
23482.727500000023
23482.727500000023
23482.727500000023
23215.175000000014
23215.175000000014
23215.175000000014
23215.175000000014
23037.280000000017
23037.280000000017
23037.280000000017
23037.280000000017
22951.142500000013
22951.142500000013
22951.142500000013
22951.142500000013
22987.615000000016
22987.615000000016
22987.615000000016
22987.615000000016
23378.490000000005
23378.490000000005
23378.490000000005
23378.490000000005
22640.12500000002
22640.12500000002
22640.12500000002
22640.12500000002
22325.240000000005
22325.240000000005
22325.240000000005
22325.240000000005
21751.332500000015
21751.332500000015
21751.332500000015
21751.332500000015
22008.660000000014
22008.660000000014
22008.660000000014
22008.660000000014
22494.425000000014
22494.425000000014
22494.425000000014
22494.425000000014
22530.347500000014
22530.347500000014
22530.347500000014
22530.347500000014
21851.405000000017
21851.405000000017
21851.405000000017
21851.405000000017
21924.532500000012
21924.532500000012
21924.532500000012
21924.532500000012
22462.965000000015
22462.965000000015
22462.965000000015
22462.965000000015
22523.955000000013
22523.955000000013
22523.955000000013
22523.955000000013
21938.730000000014
21938.730000000014
20718.355000000014
20718.355000000014
19582.38
19582.38
19582.38
19582.38
20194.370000000014
20194.370000000014
20194.370000000014
20194.370000000014
19557.277500000004
19557.277500000004
19557.277500000004
19557.277500000004
19851.160000000003
19851.160000000003
19851.160000000003
19851.160000000003
20237.37250000001
20237.37250000001
20237.37250000001
20237.37250000001
19884.487500000007
19884.487500000007
19884.487500000007
19884.487500000007
19178.197500000013
19178.197500000013
19178.197500000013
19178.197500000013
18667.21750000001
18667.21750000001
18667.21750000001
18667.21750000001
17804.56000000001
17804.56000000001
17804.56000000001
17804.56000000001
16959.277500000007
16959.277500000007
16959.277500000007
16959.277500000007
17972.280000000006
17972.280000000006
17972.280000000006
17972.280000000006
18552.512500000008
18552.512500000008
18552.512500000008
18552.512500000008
18272.465000000015
18272.465000000015
18272.465000000015
18272.465000000015
19435.670000000016
19435.670000000016
19435.670000000016
19435.670000000016
19552.76000000001
19552.76000000001
19552.76000000001
19552.76000000001
19803.395000000008
19803.395000000008
19803.395000000008
19803.395000000008
19239.420000000013
19239.420000000013
19239.420000000013
19239.420000000013
18623.86250000001
18623.86250000001
18623.86250000001
18623.86250000001
17935.15
17935.15
17935.15
17935.15
18321.40500000001
18321.40500000001
18321.40500000001
18321.40500000001
19100.722500000007
19100.722500000007
19100.722500000007
19100.722500000007
18679.2175
18679.2175
18679.2175
18679.2175
18184.217500000013
18184.217500000013
18184.217500000013
18184.217500000013
18376.012500000008
18376.012500000008
18376.012500000008
18376.012500000008
18557.097500000003
18557.097500000003
18557.097500000003
18557.097500000003
18749.87500000001
18749.87500000001
18749.87500000001
18749.87500000001
19114.005000000016
19114.005000000016
19114.005000000016
19114.005000000016
19567.455
19567.455
19567.455
19567.455
20302.89750000001
20302.89750000001
20302.89750000001
20302.89750000001
20555.072500000013
20555.072500000013
20555.072500000013
20555.072500000013
20859.400000000012
20859.400000000012
20859.400000000012
20859.400000000012
20988.580000000013
20988.580000000013
20988.580000000013
20988.580000000013
21418.102500000015
21418.102500000015
21418.102500000015
21418.102500000015
21388.747500000012
21388.747500000012
21388.747500000012
21388.747500000012
21549.75750000001
21549.75750000001
21549.75750000001
21549.75750000001
20900.017500000013
20900.017500000013
20900.017500000013
20900.017500000013
21216.942500000016
21216.942500000016
21216.942500000016
21216.942500000016
21168.72750000001
21168.72750000001
21168.72750000001
21168.72750000001
20773.96250000001
20773.96250000001
20773.96250000001
20773.96250000001
20774.32500000001
20774.32500000001
20774.32500000001
20774.32500000001
20565.620000000014
20565.620000000014
20565.620000000014
20565.620000000014
20444.917500000007
20444.917500000007
20444.917500000007
20444.917500000007
20837.17250000001
20837.17250000001
20837.17250000001
20837.17250000001
20689.387500000008
20689.387500000008
20689.387500000008
20689.387500000008
21098.567500000016
21098.567500000016
21098.567500000016
21098.567500000016
20609.510000000006
20609.510000000006
20609.510000000006
20609.510000000006
19955.31500000001
19955.31500000001
19955.31500000001
19955.31500000001
19083.732500000002
19083.732500000002
19083.732500000002
19083.732500000002
18801.287500000002
18801.287500000002
18801.287500000002
18801.287500000002
18794.047500000004
18794.047500000004
18794.047500000004
18794.047500000004
18380.872500000005
18380.872500000005
18380.872500000005
18380.872500000005
18751.705000000013
18751.705000000013
18751.705000000013
18751.705000000013
19124.167500000007
19124.167500000007
19124.167500000007
19124.167500000007
19298.930000000004
19298.930000000004
19298.930000000004
19298.930000000004
19020.377500000013
19020.377500000013
19020.377500000013
19020.377500000013
19673.967500000013
19673.967500000013
19673.967500000013
19673.967500000013
19511.240000000013
19511.240000000013
19511.240000000013
19511.240000000013
19173.602500000008
19173.602500000008
19173.602500000008
19173.602500000008
19373.300000000014
19373.300000000014
19373.300000000014
19373.300000000014
18987.070000000014
18987.070000000014
18987.070000000014
18987.070000000014
19723.197500000013
19723.197500000013
19723.197500000013
19723.197500000013
19950.742500000015
19950.742500000015
19950.742500000015
19950.742500000015
20194.6575
20194.6575
20194.6575
20194.6575
20058.895000000015
20058.895000000015
20058.895000000015
20058.895000000015
20000.035000000007
20000.035000000007
20000.035000000007
20000.035000000007
19737.972500000003
19737.972500000003
19737.972500000003
19737.972500000003
19404.190000000013
19404.190000000013
19404.190000000013
19404.190000000013
19674.12750000001
19674.12750000001
19674.12750000001
19674.12750000001
20352.72750000001
20352.72750000001
20352.72750000001
20352.72750000001
20692.425000000014
20692.425000000014
20692.425000000014
20692.425000000014
20670.850000000006
20670.850000000006
20670.850000000006
20670.850000000006
20912.24750000001
20912.24750000001
20912.24750000001
20912.24750000001
20920.122500000012
20920.122500000012
20920.122500000012
20920.122500000012
21227.097500000014
21227.097500000014
21227.097500000014
21227.097500000014
21632.950000000004
21632.950000000004
21632.950000000004
21632.950000000004
21573.85750000001
21573.85750000001
21573.85750000001
21573.85750000001
21895.355000000014
21895.355000000014
21895.355000000014
21895.355000000014
21748.892500000013
21748.892500000013
21748.892500000013
21748.892500000013
21292.467500000017
21292.467500000017
21292.467500000017
21292.467500000017
21293.427500000013
21293.427500000013
21293.427500000013
21293.427500000013
21840.755000000016
21840.755000000016
21840.755000000016
21840.755000000016
21857.527500000015
21857.527500000015
21857.527500000015
21857.527500000015
22127.965000000015
22127.965000000015
22127.965000000015
22127.965000000015
22387.397500000014
22387.397500000014
22387.397500000014
22387.397500000014
22559.42250000001
22559.42250000001
22559.42250000001
22559.42250000001
22581.757500000014
22581.757500000014
22581.757500000014
22581.757500000014
23008.52250000001
23008.52250000001
23008.52250000001
23008.52250000001
23247.625000000007
23247.625000000007
23247.625000000007
23247.625000000007
23353.287500000013
23353.287500000013
23353.287500000013
23353.287500000013
23472.360000000015
23472.360000000015
23472.360000000015
23472.360000000015
23618.355000000014
23618.355000000014
23618.355000000014
23618.355000000014
23719.66000000001
23719.66000000001
23719.66000000001
23719.66000000001
23453.077500000007
23453.077500000007
23453.077500000007
23453.077500000007
23312.492500000015
23312.492500000015
23312.492500000015
23312.492500000015
23184.982500000002
23184.982500000002
23184.982500000002
23184.982500000002
22674.80500000001
22674.80500000001
22674.80500000001
22674.80500000001
22749.700000000015
22749.700000000015
22749.700000000015
22749.700000000015
22933.012500000015
22933.012500000015
22933.012500000015
22933.012500000015
22649.885000000013
22649.885000000013
22649.885000000013
22649.885000000013
22151.885000000013
22151.885000000013
22151.885000000013
22151.885000000013
22285.587500000012
22285.587500000012
22285.587500000012
22285.587500000012
22182.960000000017
22182.960000000017
22182.960000000017
22182.960000000017
21931.05500000001
21931.05500000001
21931.05500000001
21931.05500000001
21775.855000000014
21775.855000000014
21775.855000000014
21775.855000000014
21844.267500000013
21844.267500000013
21844.267500000013
21844.267500000013
22428.192500000016
22428.192500000016
22428.192500000016
22428.192500000016
22752.590000000015
22752.590000000015
22752.590000000015
22752.590000000015
23206.035000000003
23206.035000000003
23206.035000000003
23206.035000000003
23011.752500000017
23011.752500000017
23011.752500000017
23011.752500000017
23197.54000000002
23197.54000000002
23197.54000000002
23197.54000000002
22695.975000000013
22695.975000000013
22695.975000000013
22695.975000000013
22361.045000000016
22361.045000000016
22361.045000000016
22361.045000000016
21774.505000000016
21774.505000000016
21774.505000000016
21774.505000000016
21109.185000000016
21109.185000000016
21109.185000000016
21109.185000000016
20714.737500000014
20714.737500000014
20714.737500000014
20714.737500000014
20112.082500000015
20112.082500000015
20112.082500000015
20112.082500000015
20519.480000000003
20519.480000000003
20519.480000000003
20519.480000000003
20756.107500000013
20756.107500000013
20756.107500000013
20756.107500000013
21332.615000000005
21332.615000000005
21332.615000000005
21332.615000000005
21374.002500000002
21374.002500000002
21374.002500000002
21374.002500000002
21938.565000000013
21938.565000000013
21938.565000000013
21938.565000000013
21944.14000000001
21944.14000000001
21944.14000000001
21944.14000000001
21981.380000000016
21981.380000000016
21981.380000000016
21981.380000000016
22068.962500000012
22068.962500000012
22068.962500000012
22068.962500000012
22372.762500000015
22372.762500000015
22372.762500000015
22372.762500000015
21895.490000000013
21895.490000000013
21895.490000000013
21895.490000000013
21708.89250000001
21708.89250000001
21708.89250000001
21708.89250000001
22373.527500000015
22373.527500000015
22373.527500000015
22373.527500000015
22821.415000000015
22821.415000000015
22821.415000000015
22821.415000000015
23075.482500000016
23075.482500000016
23075.482500000016
23075.482500000016
23292.635000000002
23292.635000000002
23292.635000000002
23292.635000000002
23100.39000000001
23100.39000000001
23100.39000000001
23100.39000000001
23077.842500000017
23077.842500000017
23077.842500000017
23077.842500000017
23095.61000000001
23095.61000000001
23095.61000000001
23095.61000000001
23249.95750000002
23249.95750000002
23249.95750000002
23249.95750000002
23147.477500000015
23147.477500000015
23147.477500000015
23147.477500000015
22913.870000000014
22913.870000000014
22913.870000000014
22913.870000000014
23171.182500000006
23171.182500000006
23171.182500000006
23171.182500000006
22933.052500000013
22933.052500000013
22933.052500000013
22933.052500000013
22761.635000000013
22761.635000000013
22761.635000000013
22761.635000000013
23649.755000000005
23649.755000000005
23649.755000000005
23649.755000000005
23717.09000000001
23717.09000000001
23717.09000000001
23717.09000000001
23904.85000000001
23904.85000000001
23904.85000000001
23904.85000000001
23748.88500000001
23748.88500000001
23748.88500000001
23748.88500000001
23386.627500000002
23386.627500000002
23386.627500000002
23386.627500000002
23054.115000000016
23054.115000000016
23054.115000000016
23054.115000000016
23039.132500000018
23039.132500000018
23039.132500000018
23039.132500000018
23177.147500000017
23177.147500000017
23177.147500000017
23177.147500000017
22795.212500000012
22795.212500000012
22795.212500000012
22795.212500000012
22857.072500000013
22857.072500000013
22857.072500000013
22857.072500000013
23020.457500000015
23020.457500000015
23020.457500000015
23020.457500000015
22560.577500000014
22560.577500000014
22560.577500000014
22560.577500000014
21883.86000000001
21883.86000000001
21883.86000000001
21883.86000000001
21477.155000000017
21477.155000000017
21477.155000000017
21477.155000000017
22178.177500000016
22178.177500000016
22178.177500000016
22178.177500000016
22545.565000000013
22545.565000000013
22545.565000000013
22545.565000000013
22427.86000000001
22427.86000000001
22427.86000000001
22427.86000000001
22705.86000000001
22705.86000000001
22705.86000000001
22705.86000000001
22552.042500000014
22552.042500000014
22552.042500000014
22552.042500000014
21866.782500000012
21866.782500000012
21866.782500000012
21866.782500000012
21452.075000000015
21452.075000000015
21452.075000000015
21452.075000000015
21725.80500000001
21725.80500000001
21725.80500000001
21725.80500000001
22124.895000000015
22124.895000000015
22124.895000000015
22124.895000000015
22494.06250000002
22494.06250000002
22494.06250000002
22494.06250000002
22907.685000000016
22907.685000000016
22907.685000000016
22907.685000000016
22791.577500000014
22791.577500000014
22791.577500000014
22791.577500000014
22506.662500000013
22506.662500000013
22506.662500000013
22506.662500000013
22245.265000000014
22245.265000000014
22245.265000000014
22245.265000000014
21855.675000000014
21855.675000000014
21855.675000000014
21855.675000000014
22481.905000000017
22481.905000000017
22481.905000000017
22481.905000000017
22772.152500000015
22772.152500000015
22772.152500000015
22772.152500000015
22956.775000000012
22956.775000000012
22956.775000000012
22956.775000000012
23115.715000000015
23115.715000000015
23115.715000000015
23115.715000000015
23082.460000000014
23082.460000000014
23082.460000000014
23082.460000000014
23266.805000000015
23266.805000000015
23266.805000000015
23266.805000000015
23213.427500000005
23213.427500000005
23213.427500000005
23213.427500000005
22936.552500000016
22936.552500000016
22936.552500000016
22936.552500000016
23289.92250000001
23289.92250000001
23289.92250000001
23289.92250000001
23540.02500000001
23540.02500000001
23540.02500000001
23540.02500000001
23248.795000000016
23248.795000000016
23248.795000000016
23248.795000000016
23489.725000000013
23489.725000000013
23489.725000000013
23489.725000000013
23820.65500000001
23820.65500000001
23820.65500000001
23820.65500000001
24504.345000000016
24504.345000000016
24504.345000000016
24504.345000000016
24634.405000000006
24634.405000000006
24634.405000000006
24634.405000000006
24487.280000000013
24487.280000000013
24487.280000000013
24487.280000000013
24834.01250000002
24834.01250000002
24834.01250000002
24834.01250000002
25058.06750000001
25058.06750000001
25058.06750000001
25058.06750000001
25068.097500000018
25068.097500000018
25068.097500000018
25068.097500000018
24746.042500000007
24746.042500000007
24746.042500000007
24746.042500000007
25261.61750000002
25261.61750000002
25261.61750000002
25261.61750000002
24580.07750000002
24580.07750000002
24580.07750000002
24580.07750000002
24246.825
24246.825
24246.825
24246.825
23870.57500000001
23870.57500000001
23870.57500000001
23870.57500000001
23226.290000000005
23226.290000000005
23226.290000000005
23226.290000000005
23383.855000000007
23383.855000000007
23383.855000000007
23383.855000000007
23104.985000000015
23104.985000000015
23104.985000000015
23104.985000000015
23020.747500000016
23020.747500000016
23020.747500000016
23020.747500000016
23295.64500000001
23295.64500000001
23295.64500000001
23295.64500000001
23760.082500000015
23760.082500000015
23760.082500000015
23760.082500000015
23776.640000000007
23776.640000000007
23776.640000000007
23776.640000000007
23760.350000000002
23760.350000000002
23760.350000000002
23760.350000000002
23858.39250000001
23858.39250000001
23858.39250000001
23858.39250000001
23513.30250000001
23513.30250000001
23513.30250000001
23513.30250000001
23986.905
23986.905
23986.905
23986.905
23570.73250000001
23570.73250000001
23570.73250000001
23570.73250000001
23765.165000000005
23765.165000000005
23765.165000000005
23765.165000000005
23065.022500000017
23065.022500000017
23065.022500000017
23065.022500000017
22985.812500000015
22985.812500000015
22985.812500000015
22985.812500000015
23489.3275
23489.3275
23489.3275
23489.3275
23667.3975
23667.3975
23667.3975
23667.3975
23865.80000000001
23865.80000000001
23865.80000000001
23865.80000000001
24195.750000000004
24195.750000000004
24195.750000000004
24195.750000000004
24141.21500000001
24141.21500000001
24141.21500000001
24141.21500000001
24857.360000000015
24857.360000000015
24857.360000000015
24857.360000000015
24535.605000000014
24535.605000000014
24535.605000000014
24535.605000000014
24661.410000000018
24661.410000000018
24661.410000000018
24661.410000000018
24486.952500000018
24486.952500000018
24486.952500000018
24486.952500000018
24795.062500000007
24795.062500000007
24795.062500000007
24795.062500000007
24813.425000000003
24813.425000000003
24813.425000000003
24813.425000000003
24562.160000000007
24562.160000000007
24562.160000000007
24562.160000000007
23975.50000000001
23975.50000000001
23975.50000000001
23975.50000000001
23868.052500000013
23868.052500000013
23868.052500000013
23868.052500000013
24364.680000000022
24364.680000000022
24364.680000000022
24364.680000000022
24477.77750000001
24477.77750000001
24477.77750000001
24477.77750000001
25028.60000000002
25028.60000000002
25028.60000000002
25028.60000000002
26590.625000000022
26590.625000000022
27644.365000000016
27644.365000000016
27643.285000000018
27643.285000000018
27643.285000000018
27643.285000000018
27676.742500000008
27676.742500000008
27676.742500000008
27676.742500000008
28334.415000000008
28334.415000000008
28334.415000000008
28334.415000000008
27913.31750000002
27913.31750000002
27913.31750000002
27913.31750000002
27498.172500000022
27498.172500000022
27498.172500000022
27498.172500000022
27487.34000000001
27487.34000000001
27487.34000000001
27487.34000000001
27698.785000000018
27698.785000000018
27698.785000000018
27698.785000000018
27802.392500000016
27802.392500000016
27802.392500000016
27802.392500000016
27568.310000000012
27568.310000000012
27568.310000000012
27568.310000000012
27063.400000000012
27063.400000000012
27063.400000000012
27063.400000000012
26904.225000000002
26904.225000000002
26904.225000000002
26904.225000000002
26822.45750000002
26822.45750000002
26822.45750000002
26822.45750000002
27137.01250000001
27137.01250000001
27137.01250000001
27137.01250000001
26140.86000000001
26140.86000000001
26140.86000000001
26140.86000000001
25105.79500000001
25105.79500000001
23954.675000000007
23954.675000000007
25075.49000000002
25075.49000000002
25075.49000000002
25075.49000000002
25379.82250000001
25379.82250000001
25379.82250000001
25379.82250000001
25040.485000000015
25040.485000000015
25040.485000000015
25040.485000000015
24564.41250000001
24564.41250000001
24564.41250000001
24564.41250000001
24426.74500000001
24426.74500000001
24426.74500000001
24426.74500000001
24371.955000000016
24371.955000000016
24371.955000000016
24371.955000000016
23824.862500000007
23824.862500000007
23824.862500000007
23824.862500000007
22962.66000000001
22962.66000000001
21830.595000000012
21830.595000000012
21484.070000000003
21484.070000000003
21484.070000000003
21484.070000000003
21157.890000000014
21157.890000000014
21157.890000000014
21157.890000000014
21384.09250000001
21384.09250000001
21384.09250000001
21384.09250000001
21622.04000000001
21622.04000000001
21622.04000000001
21622.04000000001
21832.24250000002
21832.24250000002
21832.24250000002
21832.24250000002
21035.45250000001
21035.45250000001
21035.45250000001
21035.45250000001
21509.627500000013
21509.627500000013
21509.627500000013
21509.627500000013
22515.100000000013
22515.100000000013
22515.100000000013
22515.100000000013
22748.97750000001
22748.97750000001
22748.97750000001
22748.97750000001
23015.535000000014
23015.535000000014
23015.535000000014
23015.535000000014
23008.872500000012
23008.872500000012
23008.872500000012
23008.872500000012
22658.020000000015
22658.020000000015
22658.020000000015
22658.020000000015
22761.710000000014
22761.710000000014
22761.710000000014
22761.710000000014
22412.01250000001
22412.01250000001
22412.01250000001
22412.01250000001
22426.862500000014
22426.862500000014
22426.862500000014
22426.862500000014
22560.11750000002
22560.11750000002
22560.11750000002
22560.11750000002
22231.44500000001
22231.44500000001
22231.44500000001
22231.44500000001
22190.312500000015
22190.312500000015
22190.312500000015
22190.312500000015
21570.567500000016
21570.567500000016
21570.567500000016
21570.567500000016
21650.800000000014
21650.800000000014
21650.800000000014
21650.800000000014
21950.105000000014
21950.105000000014
21950.105000000014
21950.105000000014
21928.947500000013
21928.947500000013
21928.947500000013
21928.947500000013
20957.497500000016
20957.497500000016
20957.497500000016
20957.497500000016
19997.212500000012
19997.212500000012
19997.212500000012
19997.212500000012
19552.860000000015
19552.860000000015
19552.860000000015
19552.860000000015
18962.27500000001
18962.27500000001
18962.27500000001
18962.27500000001
19198.0475
19198.0475
19198.0475
19198.0475
19304.255000000005
19304.255000000005
19304.255000000005
19304.255000000005
18767.922500000004
18767.922500000004
18767.922500000004
18767.922500000004
19173.80750000001
19173.80750000001
19173.80750000001
19173.80750000001
19240.017500000013
19240.017500000013
19240.017500000013
19240.017500000013
19471.757500000003
19471.757500000003
19471.757500000003
19471.757500000003
20072.44000000001
20072.44000000001
20072.44000000001
20072.44000000001
20153.905
20153.905
20153.905
20153.905
20430.4775
20430.4775
20430.4775
20430.4775
20577.935000000016
20577.935000000016
20577.935000000016
20577.935000000016
20611.327500000014
20611.327500000014
20611.327500000014
20611.327500000014
20255.030000000013
20255.030000000013
20255.030000000013
20255.030000000013
20860.442500000016
20860.442500000016
20860.442500000016
20860.442500000016
21287.622500000016
21287.622500000016
21287.622500000016
21287.622500000016
21450.250000000015
21450.250000000015
21450.250000000015
21450.250000000015
21123.40500000001
21123.40500000001
21123.40500000001
21123.40500000001
20310.582500000015
20310.582500000015
20310.582500000015
20310.582500000015
19983.180000000015
19983.180000000015
19983.180000000015
19983.180000000015
19880.872500000016
19880.872500000016
19880.872500000016
19880.872500000016
19964.927500000016
19964.927500000016
19964.927500000016
19964.927500000016
20604.590000000015
20604.590000000015
20604.590000000015
20604.590000000015
20899.41500000001
20899.41500000001
20899.41500000001
20899.41500000001
21045.437500000015
21045.437500000015
21045.437500000015
21045.437500000015
20265.862500000014
20265.862500000014
20265.862500000014
20265.862500000014
20710.525000000012
20710.525000000012
20710.525000000012
20710.525000000012
20273.752500000002
20273.752500000002
20273.752500000002
20273.752500000002
20774.895000000015
20774.895000000015
20774.895000000015
20774.895000000015
20844.082500000015
20844.082500000015
20844.082500000015
20844.082500000015
21586.465000000015
21586.465000000015
21586.465000000015
21586.465000000015
21880.110000000015
21880.110000000015
21880.110000000015
21880.110000000015
22129.125000000007
22129.125000000007
22129.125000000007
22129.125000000007
21897.965000000015
21897.965000000015
21897.965000000015
21897.965000000015
22399.722500000014
22399.722500000014
22399.722500000014
22399.722500000014
22797.70250000001
22797.70250000001
22797.70250000001
22797.70250000001
22939.517500000013
22939.517500000013
22939.517500000013
22939.517500000013
22886.050000000014
22886.050000000014
22886.050000000014
22886.050000000014
22994.167500000014
22994.167500000014
22994.167500000014
22994.167500000014
23611.435000000016
23611.435000000016
23611.435000000016
23611.435000000016
23631.350000000017
23631.350000000017
23631.350000000017
23631.350000000017
23401.885000000017
23401.885000000017
23401.885000000017
23401.885000000017
23608.52500000001
23608.52500000001
23608.52500000001
23608.52500000001
23557.042500000014
23557.042500000014
23557.042500000014
23557.042500000014
