[ 87729.22605   88175.45305   82952.44725   73829.332525  58105.940175
  55237.317125  55753.207475  59440.194625  52868.614725  52954.817375
  49514.9601    57345.240225  62924.937475  69596.42665   73118.43505
  72448.0728    81043.60345   81388.867675  83936.599275  84766.037625
  87728.085425  89687.83385   86925.552475  87607.592     81150.612775
  82321.571225  84603.829325  86998.2095    81767.004425  78148.222425
  81339.97755   81850.912575  85216.5581    83595.74265   88553.811925
  93696.555     96313.505     92744.985     92173.31      95808.2375
  93186.7125    92814.8425    93262.5075    95364.66      92191.2125
  90095.1875    88884.8375    88239.995     79185.1875    77967.275
  71288.63      77064.29      74119.8375    74340.17      75988.4325
  82705.95      85256.625     83933.9575    82537.0975    80747.125
  74727.9125    77117.4425    77045.2125    79927.4925    78816.325
  82628.25      85354.0275    86230.1425    88213.645     91397.3275
  94163.6625    92625.3575    90484.4825    88175.4575    90231.085
  91266.3125    83710.51      83982.205     87933.0475    88350.6725
  92289.9225    92570.8875    91779.74      95020.58      92657.0225
  91233.32      88084.7575    89552.545     87796.8375    90451.19
  90066.5075    92678.4075    93015.295     96449.13      99447.4575
  98834.5625    93585.705     93853.115     95118.95      93386.7325
  95218.275     98195.59      98657.6       96686.01     107466.1225
 111233.245    110132.8875   107004.555    100026.0325    97187.975
  86422.68      85999.3625    91288.485     90258.605     88552.4425
  86487.35      77710.395     76486.0025    80128.58      82304.735
  84171.86      80433.57      82921.24      83479.195     88306.9225
  91617.4375    94253.195     94228.17    ]
[ -915.69      2041.9922     881.5723    1242.997575  4444.015425
  2085.427475 -2593.117675   204.964525  1391.050325  1176.032225
 -1182.23475  -2465.120125 -1718.317875 -1258.2383    1150.0747
   554.75735  -1511.39545    606.678225 -1744.879625 -1642.012225
   721.885225  1000.1027    1508.026625   -38.7131     896.552225
  -882.787025   231.655025   573.6841    1300.024925  -179.328325
   159.73345   -725.227075   571.47805   -771.9214   -1168.822325
  -349.365      512.88      -345.005     -487.675      -25.5775
   496.6925    -397.4975   -2214.8475     477.125      313.6975
  1942.0425     121.3325     535.         368.3125    2276.445
 -1760.955    -1648.02      1606.7275    1219.71     -1374.4875
  -990.01       357.075      837.3825    -516.0225    2669.03
   462.7575    -271.2475     324.4725    -579.6125     659.69
  -537.945    -1059.5875    1058.3525    -817.08     -1114.9675
  -512.3675     905.7825     880.9425     761.6375   -1686.165
  1152.2725    2056.87     -1431.03      -167.6375     185.8325
  -496.1275    -223.9825     390.365     -286.89       224.4625
    71.25     -1362.7275     714.895    -1441.0775     947.335
 -1391.3475    -282.0575    -562.345    -1828.37      -804.8725
  1180.7575     608.025    -1220.33       118.535     1285.0625
  -904.825     -198.44       -93.57      -998.905    -3173.9325
  1262.22       869.4675     448.81      -814.5825     794.34
  1338.715      909.2025    -760.33       580.855     1030.6825
   714.46      1389.75      -341.6475   -1040.185       73.79
  1303.885     -705.465      968.465    -1381.9       -288.4525
  -142.9975     232.375        0.      ]
[-7.16345449e+02 -1.86516126e+03  1.12483824e+02  9.58963827e+02
 -6.51627926e+02  6.02764301e+02 -2.77829396e+02  1.32430808e+03
 -4.66369449e+01  3.34415174e+03 -2.08960802e+02  1.12579202e+03
 -1.26918554e+03 -1.66659747e+03  1.05382256e+03 -8.77490878e+02
  1.03339099e+03 -3.55614607e+02  2.49460201e+02 -6.70722248e+01
  8.21188031e+02 -8.92718458e+02  1.47594752e+02 -5.76780319e+02
  7.17317332e+02 -2.28335722e+03 -3.50222882e+02 -1.75311178e+03
 -1.81266576e+02  3.94113283e+02  5.51330627e+02 -1.00310490e+03
 -1.03395932e+03 -1.01752100e+02  8.96990478e+02  5.97031504e+02
 -1.38600732e+03 -5.03092333e+02  3.90807736e+02 -6.18556188e+02
  4.69575507e+02 -5.50349410e+02 -1.17057250e+02  9.39752301e+02
  7.09879205e+02  3.75930527e+02 -8.62740701e+02  8.04125084e+02
  1.00862086e+03  9.37333572e+02  5.42739810e+01 -1.64791200e+02
  1.29364832e+01 -5.07035160e+01 -7.06919681e+02  4.43430552e+02
  7.29500747e+02  1.68963307e+02 -1.34932732e+02  1.47064387e+02
 -9.72179264e+02  8.62398249e+02 -2.63018832e+02 -8.08697484e+02
 -5.61411707e+02  2.12372345e+02  2.40911457e+02 -3.87243175e+02
 -4.33817293e+02 -5.47120796e+02 -8.41230795e+02  3.12067436e+02
 -1.59879318e+03  1.16675801e+03  6.98055814e+01  2.44057906e+02
  7.39174074e+01 -8.74560274e+02 -7.22755054e+02  4.38650156e+02
  5.46498082e+02 -4.83158993e+02 -3.95283297e+02  8.75079997e+02
 -6.50453386e+02 -1.15692922e+03  4.14848942e+02  6.76436025e+02
  2.51581522e+02 -5.15799042e+01  1.04420580e+03  8.11627770e+02
 -6.86975451e+02  9.60169692e+02 -7.61458544e+02  1.69056857e+03
 -8.65484558e+02 -4.15612617e+02  4.99054753e+02  7.22634846e+02
  1.19540998e+03 -8.20572671e+02 -1.64502029e+03 -3.54451416e+02
  8.70529765e+02 -5.46247060e+02  5.96098088e+02 -2.71239090e+02
 -2.72628555e+02 -6.41275140e+02 -3.56629305e+02 -1.82688108e+02
  4.15142391e+01  9.18871120e+02  6.81863069e+01 -5.12652416e-01
  1.70699113e+02  2.08999551e+02  6.91631749e+02  1.23260379e+03
  1.02389062e+01 -5.24436351e+02 -2.47151498e+02 -9.24315842e+02
  4.77491532e+02  5.46211704e+02 -3.21797225e+02  1.91997169e+02
  3.70612342e+02 -3.81749273e+02 -4.80404812e+02 -3.41387618e+02
 -4.34128208e+02  8.35694149e+01  2.07129254e+02 -1.35764502e+00
 -2.37198970e+01 -3.66892960e+02 -3.15864599e+01 -3.38141998e+02
 -1.68393944e+02 -1.43266905e+02  1.98817214e+02  7.21499940e+02
 -2.59243024e+02  7.04278354e+02  1.45137202e+02  2.19485945e+02
 -8.25794654e+02 -6.41268069e+02 -2.62743202e+02  4.73662548e+02
  9.40904567e+02  8.52282874e+02 -3.34641820e+02 -5.85307638e+01
 -7.88424061e+00 -1.23860359e+02  6.74965242e+02 -9.39935831e+02
 -3.59305704e+02  2.71875486e+02 -2.51270395e+01  1.44928606e+02
 -3.63894827e+02  2.42420953e+02 -9.52260702e+01  2.20567818e+02
  4.70243687e+02 -1.95182685e+02 -8.74832510e+01  6.50368533e+02
  5.75167727e+02 -5.19564385e+02 -3.93151370e+02  9.69103986e+02
 -3.87112678e+02 -5.22081685e+02  1.64200801e+02  3.69671890e+02
 -8.85622959e+02 -2.61095643e+02  4.70296720e+01  7.54871844e+01
 -4.99740647e+02  4.11861416e+02 -4.68005694e+02 -1.83932616e+02
 -4.90353804e+02 -1.41845620e+01 -7.29133157e+02  4.71290205e+02
  9.11156585e+02  3.94381736e+02 -3.88763773e+02 -2.34158411e+01
 -1.38653033e+02 -6.69775079e+02 -2.74969078e+02  1.12019856e+02
 -2.51829009e+02 -4.66619765e+02 -1.01278197e+03 -1.77915137e+02
 -4.35733341e+02  3.55342371e+02  1.51953712e+02 -1.59944018e+02
 -2.95414364e+03 -4.73160503e+01  5.95521796e+02  1.53194684e+01
 -1.46523132e+02  7.14050570e+02  1.15636707e+02  1.40877238e+03
 -7.71107016e+02  4.79895695e+02  1.94691246e+02  7.73705633e+02
  1.29055119e+03 -3.19898643e+02 -2.97271226e+02 -6.70584716e+02
 -3.30752732e+02  9.42219786e+00 -1.46639804e+02 -2.10010714e+01
  4.64813107e+02  8.76451784e+02 -4.23281190e+02  1.37383777e+03
  6.28409332e+02 -3.33432667e+02  7.58488695e+02 -9.36350800e+01
 -8.49493338e+02 -3.91132580e+02 -4.72241264e+01 -8.56182568e+02
 -2.29990016e+02  1.14950460e+03  1.44684654e+02 -9.04619383e+02
 -2.06507000e+02 -6.28847738e+02 -7.08722520e+02 -1.04988740e+03
 -3.52160390e+02 -7.09592262e+02 -2.00556696e+02 -1.52901235e+02
 -2.81640631e+01 -2.92233091e+02  0.00000000e+00]
[-2.33635700e+02 -2.85710950e+02 -6.05320350e+02 -5.80945300e+02
  2.39661100e+02  5.64514650e+02  2.44589850e+02  2.97390600e+02
 -4.06103500e+01  1.43600600e+02  4.87115200e+02  1.18330050e+02
  1.40191110e+03 -7.72428700e+02  6.66825200e+02  8.70580050e+02
  1.32970200e+02  1.52322560e+03  1.16854495e+03 -8.32070300e+02
 -2.15095200e+02 -1.78929700e+02  6.07990200e+02  6.65530250e+02
 -5.65454600e+02 -3.71948000e+01 -8.96259700e+02 -2.06650500e+01
 -3.90584450e+02  6.72484900e+02 -4.33154800e+02  8.34724600e+02
  4.87890100e+02  9.93550500e+01 -2.45704600e+02  1.49460500e+02
 -4.07879400e+02 -1.21520000e+02  1.19435050e+02  3.67993000e+01
  3.82000000e+02  5.47065150e+02 -7.85159650e+02  1.54150000e+01
 -1.86665600e+02  2.40135300e+02 -4.29674800e+02 -9.36754850e+02
  7.37299500e+01 -3.17965000e+00 -1.19498970e+03 -6.71554650e+02
  3.20140600e+02 -6.03129950e+02  7.43144500e+01 -6.10700200e+02
  7.31601500e+01 -4.18279300e+02  4.01600550e+02  2.74980500e+02
 -1.59756000e+01  2.69885750e+02  2.74304650e+02 -5.11569300e+02
 -3.08847500e+01 -2.62815450e+02 -3.98139650e+02  4.45604500e+01
 -1.22589900e+02  8.04150000e+01 -7.83007500e+01  3.72439400e+02
 -8.32124950e+02 -1.55065400e+02 -6.86430250e+02 -1.00180650e+02
  2.36775400e+02  4.50703000e+01 -3.21494500e+01 -2.87570300e+02
  2.83964500e+01  8.66375000e+02  2.59114300e+02 -5.83455100e+02
 -2.36415100e+02  3.27740250e+02  1.86159800e+02 -7.23360350e+02
  3.33269550e+02 -2.73030250e+02  4.51074150e+02 -4.02800300e+02
 -1.94729450e+02 -2.91629850e+02  3.16514650e+02  1.16559950e+02
  4.12054650e+02 -1.67979450e+02 -2.73895500e+02 -2.48264650e+02
 -1.98390600e+02 -4.09725600e+02 -4.77384950e+02 -2.66135700e+02
 -1.10497500e+01 -3.06565400e+02  1.53835950e+02 -3.90279750e+02
 -5.09729500e+02  6.08555000e+01  4.97264650e+02  6.71592500e+01
  1.61839900e+02  5.56730450e+02 -6.03515000e+00  4.53875950e+02
  2.35775400e+02 -4.52040600e+02 -2.99015600e+02 -1.94154250e+02
 -1.38129850e+02 -2.38399450e+02  2.24349600e+02  5.39961000e+01
 -4.69229550e+02  2.43045850e+02 -3.60695350e+02 -2.04665000e+02
 -3.73409250e+02 -1.89394500e+02  2.95428750e+02  7.71787000e+01
  2.88569350e+02 -3.21504000e+01 -4.17259750e+02  3.29942000e+01
 -3.13509500e+01 -5.10507500e+01 -1.41748000e+01 -2.71360050e+02
 -2.50255000e+02  4.14250000e+01  7.66050000e+01  4.26855000e+02
 -5.33415000e+02 -1.31260000e+02  4.75575000e+02 -1.67810000e+02
  1.70810000e+02 -1.07160000e+02  5.17300000e+01 -1.08100000e+02
  5.11455000e+02 -1.57610000e+02 -2.56555000e+02 -4.77400000e+02
  9.26650000e+01 -3.78050000e+01  3.46520000e+02 -1.61250000e+01
 -1.63775000e+02  5.82620000e+02 -5.33850000e+01  2.10425000e+02
 -4.21225000e+02 -4.31000000e+01 -2.00055000e+02  6.08265000e+02
 -4.79230000e+02 -2.43090000e+02 -4.08815000e+02 -1.21120000e+02
  6.52050000e+01  2.10830000e+02  2.23610000e+02  3.88605000e+02
  6.47900000e+01  1.62340000e+02  4.60485000e+02 -3.27160000e+02
  5.53580000e+02  2.50050000e+02  3.53600000e+02 -2.07895000e+02
 -8.62300000e+01 -5.29570000e+02 -1.29650000e+01 -1.12770000e+02
 -1.41915000e+02 -1.87840000e+02 -3.69200000e+01  1.22037500e+03
 -5.03900000e+01  8.34400000e+01 -2.27765000e+02 -3.66960000e+02
  6.45435000e+02 -1.04750000e+01 -2.80415000e+02  5.98315000e+02
 -5.32490000e+02  4.96005000e+02 -5.26490000e+02  1.54575000e+02
 -2.52610000e+02 -8.36600000e+02  1.29310000e+02 -8.61100000e+01
 -3.77780000e+02  5.30645000e+02  2.45720000e+02 -3.48800000e+02
  1.86350000e+01  3.35605000e+02  1.28350000e+01 -2.55375000e+02
 -1.97605000e+02  4.09700000e+01 -7.17900000e+01 -4.94960000e+02
 -5.62850000e+01 -3.86285000e+02 -3.09670000e+02 -3.05900000e+02
 -6.73050000e+01  1.52775000e+02  1.49295000e+02  2.71525000e+02
 -2.13705000e+02  3.33925000e+02  2.10265000e+02  3.83680000e+02
  1.82000000e+02 -4.21845000e+02 -3.31305000e+02 -7.72250000e+01
 -3.61475000e+02  4.03630000e+02  2.81280000e+02  2.93295000e+02
  2.22765000e+02  2.68355000e+02 -1.78150000e+01 -3.22780000e+02
 -4.13415000e+02  3.37660000e+02 -1.61465000e+02 -1.70945000e+02
  2.06250000e+02 -2.29465000e+02  5.23300000e+01 -1.93610000e+02
 -6.41850000e+01 -2.36585000e+02  1.62750000e+01 -1.02550000e+02
 -1.22000000e+01  1.34525000e+02  2.33400000e+02 -3.36795000e+02
 -5.82435000e+02  5.89900000e+01  5.16800000e+01 -9.58350000e+01
 -7.84050000e+01 -1.69515000e+02 -1.95430000e+02  2.08085000e+02
 -3.27020000e+02  5.46495000e+02  3.40150000e+01 -1.65785000e+02
 -2.43300000e+01 -8.31850000e+01 -1.85050000e+02 -1.74135000e+02
  7.45000000e-01  2.55500000e+00 -6.93535000e+02  1.65590000e+02
 -8.81950000e+01 -2.47970000e+02  5.73800000e+01 -1.12270000e+02
  5.00695000e+02 -2.32825000e+02  1.55885000e+02  2.52910000e+02
  4.01090000e+02 -3.16745000e+02  1.47480000e+02 -1.78550000e+02
 -2.04725000e+02  3.01530000e+02 -2.73720000e+02  3.10010000e+02
 -1.62445000e+02 -2.72095000e+02 -9.98700000e+01 -1.20630000e+02
 -1.03415000e+02  4.64320000e+02 -8.72300000e+01  1.54380000e+02
  3.58660000e+02  2.33300000e+01  7.83295000e+02 -5.54465000e+02
  4.22980000e+02 -7.53550000e+01  4.95400000e+01 -3.09150000e+01
  7.22000000e+00 -8.41700000e+01  4.50220000e+02 -6.74485000e+02
  3.11535000e+02 -7.78500000e+01 -1.83650000e+01 -1.77135000e+02
 -2.70960000e+02 -2.81965000e+02  3.46900000e+01  1.33880000e+02
  4.31950000e+01  2.16000000e+01  6.49350000e+01  4.59185000e+02
 -3.22820000e+02  1.13795000e+02  5.18650000e+01 -1.58030000e+02
  1.83600000e+01 -5.34500000e+01 -1.39320000e+02 -5.65000000e+01
  3.09175000e+02  7.56600000e+01 -3.44525000e+02  1.96965000e+02
 -1.93495000e+02  2.08650000e+01  7.88450000e+01  6.94995000e+02
  3.34530000e+02 -2.61800000e+02 -1.07585000e+02  3.25300000e+01
  1.01080000e+02  2.53420000e+02  1.78665000e+02  4.37995000e+02
  1.53300000e+02 -1.68460000e+02 -3.49810000e+02  1.00895000e+02
 -3.75230000e+02  1.26905000e+02  2.26995000e+02  9.58900000e+01
  1.12400000e+01 -3.49820000e+02 -1.26895000e+02  6.07000000e+00
 -1.41260000e+02  9.64500000e+01  3.94200000e+01  7.74050000e+01
  1.25765000e+02 -1.60495000e+02 -2.25000000e+00 -8.25300000e+01
  3.79000000e+00 -4.72060000e+02 -3.64050000e+02  2.04700000e+01
 -2.87000000e+00 -8.82750000e+01 -3.77250000e+01  1.42945000e+02
 -9.02500000e+00  9.26350000e+01  2.07845000e+02  1.87700000e+01
  5.14100000e+01  4.55040000e+02 -3.01500000e+01  2.19500000e+01
 -1.17345000e+02  1.45860000e+02 -1.79935000e+02  2.08350000e+02
 -2.25760000e+02  3.90535000e+02 -3.03655000e+02 -1.79200000e+01
 -1.19715000e+02  5.19980000e+02  4.31695000e+02 -5.53575000e+02
 -2.95625000e+02  1.28065000e+02 -2.14810000e+02 -6.29300000e+01
 -5.92780000e+02  4.56300000e+01  3.16900000e+01  1.22430000e+02
 -1.30785000e+02 -7.87150000e+01 -9.85000000e+01  4.65900000e+02
  3.36050000e+02 -1.14935000e+02 -1.40390000e+02 -2.77250000e+01
 -3.01190000e+02 -1.05374000e+03 -1.06260000e+02 -4.08065000e+02
 -1.74260000e+02  4.30185000e+02 -1.29035000e+02 -4.38850000e+02
 -1.18980000e+02  7.26285000e+02 -7.27400000e+01  4.49640000e+02
  3.79940000e+02 -1.96465000e+02  4.64405000e+02 -6.47100000e+01
  1.15112000e+03 -2.56900000e+01 -1.81595000e+02  6.00500000e+02
 -5.43500000e+00 -3.59500000e+01  3.29680000e+02  3.60105000e+02
  1.13206500e+03 -4.82790000e+02  5.40230000e+02 -9.25625000e+02
 -1.77810000e+02  1.10975000e+02  3.27985000e+02 -6.66865000e+02
 -1.59530000e+02 -4.57585000e+02  3.37600000e+01  2.41235000e+02
 -3.05960000e+02  3.94950000e+02  4.17065000e+02 -4.01215000e+02
  1.33295000e+02 -3.98150000e+02  2.72275000e+02  3.67235000e+02
 -3.26020000e+02 -2.78510000e+02  6.13450000e+01  6.00845000e+02
  3.47785000e+02  2.32460000e+02 -4.96100000e+02 -4.82845000e+02
  4.33830000e+02  2.98125000e+02 -3.00965000e+02  3.98835000e+02
 -4.67435000e+02 -2.64200000e+01 -3.27130000e+02 -3.14485000e+02
  1.95030000e+02 -5.29650000e+01 -1.26390000e+02 -7.75635000e+02
 -9.72750000e+01  1.88790000e+02  5.02820000e+02  3.54485000e+02
  3.31610000e+02  2.41005000e+02 -2.68625000e+02 -2.35300000e+02
 -1.78630000e+02  5.35245000e+02  3.23325000e+02 -2.42410000e+02
 -6.10750000e+01  3.03780000e+02 -4.17075000e+02 -2.89500000e+02
 -2.04540000e+02 -1.35080000e+02  2.24580000e+02 -1.58595000e+02
 -2.47945000e+02 -5.60950000e+01  4.76100000e+01 -1.50885000e+02
 -3.06620000e+02  7.56340000e+02 -2.77540000e+02  2.12650000e+02
  7.74650000e+01]
[-128.01531877  489.49466928  -11.29164677 ...  260.61127527  -33.7643488
  312.76747145]
