[119.655 117.95  109.915 112.005 109.78  111.44  115.33  118.165 118.015
 121.91  122.625 120.685 121.84  121.74  119.035 119.9   121.91  125.455
 124.895 124.51  126.175 127.78  130.305 132.105 131.73  131.325 133.05
 134.98  135.43  137.385 135.86  133.4   132.845 137.47  138.355 136.09
 136.625 136.165 134.145 134.27  116.955 125.6   123.535 123.78  124.445
 120.64  119.7   120.955 123.085 121.52  124.23  126.955 129.285 133.28
 132.68  132.235 133.375 133.395 131.855 128.615 130.73  131.09  132.45
 124.235 115.95  112.34  111.385 114.57  113.125 109.32  114.225 112.89
 113.07  118.455 116.91  116.745 119.55  117.98  117.42  115.305 120.815
 125.28  126.855 125.495 121.985 122.775 123.37  127.63  129.59  129.175
 128.015 123.21  125.345 117.325 120.02  123.26  127.1   127.2   127.585
 127.195 130.435 130.25  130.765 131.365 133.055 133.65  132.61  131.795
 133.285 130.995 132.62  135.305 134.455 135.495 137.175 137.015 137.05
 149.28  154.905 155.705 158.38  164.235 168.095 168.87  172.09  171.9
 171.79  171.585 167.765 167.605 170.815 170.655 172.435 177.33  180.545
 180.97  183.265 181.855 182.055 174.975 173.53  174.595 171.02  169.27
 169.92  175.18  172.585 173.02  173.445 167.845 167.155 167.255]
[ 2.64500000e+00  1.31000000e+00 -1.45000000e-01 -8.55000000e-01
  7.30000000e-01 -1.30000000e+00 -5.60000000e-01 -2.75000000e-01
 -8.65000000e-01 -2.50000000e-01  2.25000000e-01  7.50000000e-02
 -1.60000000e-01  1.70000000e-01 -5.75000000e-01  2.50000000e-01
 -1.20000000e-01 -1.21500000e+00  7.35000000e-01  4.30000000e-01
 -7.95000000e-01 -7.00000000e-02 -4.65000000e-01 -8.65000000e-01
  6.00000000e-01 -2.25000000e-01 -7.70000000e-01 -1.04000000e+00
 -5.10000000e-01 -7.15000000e-01  1.54000000e+00  1.56000000e+00
 -1.65500000e+00 -8.60000000e-01 -3.05000000e-01  1.60000000e-01
  3.15000000e-01  3.95000000e-01 -2.25000000e-01  9.70000000e-01
 -3.31500000e+00  1.14000000e+00  4.55000000e-01 -3.30000000e-01
  1.27500000e+00  8.60000000e-01  8.60000000e-01 -1.88500000e+00
  1.05000000e-01 -6.70000000e-01 -2.40000000e-01 -4.50000000e-02
 -2.75000000e-01 -1.90000000e+00  1.50000000e+00 -1.17500000e+00
  7.85000000e-01 -7.50000000e-02 -2.45000000e-01  1.50500000e+00
  2.50000000e-01 -1.28000000e+00 -1.42108547e-14  1.81500000e+00
  9.40000000e-01  1.17000000e+00 -2.50000000e-02 -1.38000000e+00
 -1.35500000e+00  1.35000000e+00 -1.41500000e+00  2.61000000e+00
  1.10000000e-01 -3.95000000e-01  4.50000000e-01  2.85000000e-01
  7.00000000e-02  7.00000000e-02  2.50000000e-01 -2.95000000e-01
 -2.23500000e+00 -1.20000000e+00 -7.50000000e-02  5.55000000e-01
  3.45000000e-01  3.85000000e-01 -1.22000000e+00 -1.10000000e+00
  3.70000000e-01 -4.65000000e-01  1.17500000e+00  3.80000000e-01
 -8.65000000e-01 -9.35000000e-01  2.16000000e+00 -1.77000000e+00
 -4.10000000e-01 -3.00000000e-02 -1.95000000e-01  1.65000000e-01
 -1.09500000e+00 -7.00000000e-02  1.50000000e-02 -1.95000000e-01
 -7.55000000e-01 -2.00000000e-02  1.03000000e+00  5.05000000e-01
 -7.35000000e-01 -3.45000000e-01 -2.80000000e-01 -8.55000000e-01
  4.15000000e-01 -1.45000000e-01 -2.95000000e-01  6.75000000e-01
 -1.19000000e+00 -3.74000000e+00 -2.45000000e-01 -6.55000000e-01
 -1.97000000e+00 -1.04500000e+00 -1.50000000e-02 -2.10000000e-01
 -5.20000000e-01  1.20000000e+00  5.90000000e-01 -3.45000000e-01
  1.61500000e+00 -1.12500000e+00  1.40500000e+00 -1.81500000e+00
 -5.85000000e-01 -1.79000000e+00 -3.95000000e-01 -1.22000000e+00
  9.55000000e-01  3.95000000e-01 -1.65000000e-01  1.87500000e+00
 -1.53000000e+00  1.27500000e+00  8.20000000e-01  1.60000000e-01
 -1.01000000e+00  1.22000000e+00 -5.00000000e-03  5.00000000e-02
 -7.55000000e-01 -5.15000000e-01  2.59500000e+00 -2.02500000e+00]
[ 1.30107648e+00 -2.19203102e-01  4.80832611e-01 -7.07106781e-02
  5.44472222e-01 -5.51543289e-01 -5.44472222e-01  3.25269119e-01
  7.14177849e-01  2.19203102e-01 -1.13137085e+00 -1.27279221e-01
  2.19203102e-01  1.48492424e-01 -5.58614357e-01  1.41421356e-01
  3.18198052e-01 -9.05096680e-01 -1.13137085e-01  7.07106781e-02
  1.06066017e-01  5.65685425e-01  5.93969696e-01 -4.87903679e-01
 -5.79827561e-01 -1.13137085e-01 -2.75771645e-01  4.73761543e-01
  5.09116882e-01 -1.13844192e+00  4.87903679e-01  2.47487373e-01
 -6.36396103e-02 -2.61629509e-01 -8.76812409e-01 -4.59619408e-01
 -4.59619408e-01  7.07106781e-02  1.83847763e-01  3.81837662e-01
 -3.25269119e-01 -2.19203102e-01  6.15182900e-01 -9.54594155e-01
  2.26274170e-01 -4.59619408e-01 -2.54558441e-01  1.20208153e-01
 -2.19203102e-01 -3.60624458e-01  2.68700577e-01  2.75771645e-01
  1.83847763e-01  1.41421356e-01 -7.07106781e-01  1.97989899e-01
 -2.26274170e-01  9.89949494e-02 -5.86898628e-01  1.97989899e-01
 -8.48528137e-02  0.00000000e+00  4.24264069e-01  8.76812409e-01
 -5.58614357e-01 -6.08111832e-01 -7.70746391e-01  3.46482323e-01
  2.19203102e-01 -1.83847763e-01  7.84888527e-01 -2.75771645e-01
  9.89949494e-02 -2.19203102e-01  3.95979797e-01 -4.73761543e-01
  1.25865007e+00 -3.04055916e-01 -3.11126984e-01  1.00409163e+00
  9.54594155e+00 -5.72756493e-01 -3.25269119e-01  1.75362482e+00
 -6.43467171e-01 -1.11722871e+00  3.88908730e-01 -9.19238816e-02
 -4.94974747e-01  1.13844192e+00  4.66690476e-01  6.08111832e-01
  8.34386002e-01 -9.75807358e-01  1.42128463e+00 -2.82842712e-01
  2.33345238e-01  1.27279221e-01  1.25157900e+00 -1.40714249e+00
 -1.20208153e-01 -2.61629509e-01  6.36396103e-02 -2.68700577e-01
  5.30330086e-01 -5.51543289e-01 -8.48528137e-02  7.21248917e-01
 -2.26274170e-01  5.09116882e-01 -5.09116882e-01 -4.73761543e-01
  4.24264069e-01 -3.60624458e-01 -2.82842712e-02  3.60624458e-01
 -3.18198052e-01  4.94974747e-01 -2.82842712e-02 -6.36396103e-02
 -5.93969696e-01  1.18793939e+00 -1.06066017e-01 -1.90918831e-01
 -7.28319985e-01  3.18198052e-01 -2.12132034e-02  1.59806133e+00
  5.72756493e-01  8.41457070e-01  7.56604256e-01  1.30814755e+00
 -8.76812409e-01 -1.48492424e-01 -4.94974747e-02 -6.57609307e-01
  1.22329473e+00 -2.54558441e-01  2.89913780e-01  2.10010714e+00
 -1.74655375e+00  8.06101731e-01 -9.47523087e-01  1.15965512e+00
 -7.77817459e-01 -2.68700577e-01 -9.89949494e-02  1.48492424e-01
  0.00000000e+00 -5.93969696e-01  1.20208153e-01  3.39411255e-01
 -2.12132034e-01 -1.69705627e-01 -2.19203102e-01 -6.01040764e-01
  3.88908730e-01  5.30330086e-01  6.29325035e-01 -1.55563492e-01
 -1.54149278e+00  1.06066017e-01 -7.21248917e-01 -1.41421356e-01
  3.53553391e-01 -1.90918831e-01  4.59619408e-01  9.47523087e-01
  1.48492424e-01 -3.25269119e-01 -3.25269119e-01  2.47487373e-01
 -1.06066017e-01 -8.55599205e-01  1.48492424e-01 -7.84888527e-01
 -9.89949494e-02  4.94974747e-01  1.13844192e+00 -3.11126984e-01
  4.59619408e-01  2.26274170e-01 -1.62634560e-01 -7.28319985e-01
  1.41421356e-01 -6.01040764e-01  1.61927453e+00 -1.23036580e+00
 -9.89949494e-02  2.40416306e-01 -8.27314934e-01 -5.30330086e-01
 -9.97020561e-01 -2.05060967e-01 -1.76776695e-01  2.12132034e-02
 -2.12132034e-02  2.40416306e-01  9.89949494e-02 -1.90918831e-01
 -5.65685425e-01  1.06066017e-01  9.89949494e-02 -4.24264069e-01
 -2.12132034e-01  2.19203102e-01 -2.47487373e-01 -1.41421356e-02
 -4.38406204e-01  6.36396103e-02 -2.33345238e-01 -1.76776695e-01
  2.54558441e-01 -4.24264069e-02  8.48528137e-02 -2.89913780e-01
 -4.94974747e-02 -2.40416306e-01  3.04055916e-01  4.52548340e-01
 -1.27279221e-01 -4.94974747e-01 -2.47487373e-01  2.12132034e-01
  8.69741341e-01  3.95979797e-01 -1.90918831e-01  1.69705627e-01
  8.48528137e-02 -5.16187950e-01 -5.44472222e-01  2.26274170e-01
  4.10121933e-01 -1.69705627e-01 -2.05060967e+00 -1.04651804e+00
  6.36396103e-01  3.53553391e-02 -3.32340187e-01 -4.10121933e-01
 -2.61629509e-01 -6.71751442e-01 -9.82878426e-01 -2.96984848e-01
 -1.41421356e-01  3.32340187e-01 -8.06101731e-01  4.94974747e-01
 -3.46482323e-01 -1.34350288e-01  2.82842712e-01 -4.38406204e-01
 -2.96984848e-01 -4.80832611e-01 -1.41421356e-01 -7.77817459e-02
  1.99404112e+00 -6.36396103e-02  5.65685425e-02 -1.13844192e+00
 -2.26274170e-01  8.69741341e-01  3.67695526e-01 -5.30330086e-01
  7.84888527e-01 -5.37401154e-01 -4.80832611e-01 -2.96984848e-01
 -5.44472222e-01 -7.07106781e-02 -2.05060967e-01 -2.14253355e+00
 -1.13137085e-01 -7.77817459e-02 -3.53553391e-02 -2.82842712e-01
 -2.61629509e-01  6.50538239e-01  1.93040151e+00 -7.63675324e-01
  1.08894444e+00 -7.77817459e-01  2.61629509e-01 -8.48528137e-02
  2.96984848e-01  4.24264069e-01  4.45477272e-01 -2.61629509e-01
 -1.34350288e-01 -1.35057395e+00  8.48528137e-02  4.24264069e-02
  3.81837662e-01 -3.88908730e-01 -1.62634560e-01  2.12132034e-02
  7.07106781e-03 -3.39411255e-01  4.31335137e-01 -4.24264069e-02
 -5.16187950e-01 -4.24264069e-01 -6.85893578e-01 -1.06066017e+00]
