[233.435  228.935  243.0125 243.18   249.9125 259.6675 267.015  273.0425
 274.095  272.5    251.225  245.62   249.51   265.8375 266.2175 261.93
 230.735  228.505  234.785  236.695  250.8875 249.2425 256.775  245.37
 255.8975 262.455  267.06   267.7875 274.0725 300.5375 332.0875 346.26
 340.87   357.15   364.735  346.9825 347.825  339.595 ]
[  8.785   -5.66    -2.0025   2.44    -1.6175  -4.0675  -2.375    1.1075
  -2.2      2.175    0.78     2.155   -2.67    -1.2525   2.7075   2.835
   2.685   -1.835   -1.605    2.415   -3.2275  -2.7875   3.79     0.415
   0.2625  -0.655    1.41    -1.1575  -2.3275 -12.8575  -7.8925   0.015
  -2.76    -5.43     4.03     3.3825  -0.125    4.305 ]
[ 2.11424928e+00 -9.26309883e-01 -2.43951840e-01 -2.08242947e+00
 -2.22738636e+00  1.86322637e+00  7.07106781e-03 -2.68700577e-01
 -2.45012500e+00  6.50538239e-01 -1.47078210e+00 -1.35410949e+00
  1.97989899e-01 -1.28693434e+00 -1.44249783e+00  1.33996735e+00
 -3.03702363e+00  1.29754094e+00  2.29809704e-01 -1.06066017e-02
 -1.92686598e+00 -2.65165043e-01  3.42593235e+00 -4.20728535e-01
  1.26572114e+00 -1.78190909e+00 -3.02995256e+00  6.36396103e-01
 -3.71231060e-01  2.35466558e+00  7.67210858e-01  5.13713077e+00
  3.85373196e+00 -2.50315801e+00  2.98399062e+00  8.69741341e-01
 -3.70523953e+00  6.71751442e-01  1.05358910e+00  1.56977705e+00
 -3.01934596e+00  5.62149891e-01 -7.31855519e-01 -2.94156421e+00
  4.98510281e-01  2.93095761e+00  4.98156727e+00 -1.65816540e+00
  3.81837662e-01  2.86378246e-01  5.65685425e-02 -4.31335137e-01
 -8.69741341e-01  6.01040764e-01  9.47523087e-01 -2.41476966e+00
  1.37885822e-01 -4.87903679e-01 -8.16708332e+00 -6.47002705e-01
 -4.98863834e+00 -2.75771645e-01 -4.34870670e-01  8.87419010e-01
  1.14551299e+00  5.44472222e-01 -3.18198052e+00 -3.88908730e-01
  8.66205807e-01  4.22496302e+00 -1.00762716e+00  1.67584307e+00
 -3.65574206e+00 -9.19238816e-02  3.06177236e+00  1.90918831e-01]
[ 2.075  1.075  0.97  -1.15   1.205 -1.37  -0.655 -0.38  -0.82  -0.29
 -0.535  0.41   0.085  0.085 -0.19   0.57  -0.205 -1.28   0.245  0.115
 -0.62   0.2   -0.34  -0.895  0.31   0.36  -1.045 -1.065 -0.705 -0.765
  1.345  1.05  -1.31  -0.885 -0.405  0.36   0.44   0.625  0.485  0.43
 -0.26   0.905  0.465  0.39   0.34   0.655  0.755 -1.32   0.085 -0.375
 -0.47   0.12   0.41  -2.635  1.295 -0.965  1.1   -0.445 -0.49   1.06
 -0.945 -0.9   -0.05   1.735  0.525  0.625 -0.075 -1.195 -0.195  0.755
 -1.905  1.455 -0.2   -0.43  -0.31  -0.03  -0.03   0.02   0.22   0.41
 -2.875 -1.775 -0.215  0.07   0.64  -0.225 -1.295 -0.785  0.145 -0.16
  1.155  0.67  -0.235 -0.18   1.845 -1.8   -0.53  -0.09  -0.06   0.335
 -1.31   0.33  -0.09  -0.04  -0.8    0.19   1.     0.16  -0.395 -0.635
 -0.335 -0.66  -0.25  -0.115 -0.005  0.415 -0.715 -3.935  0.35  -0.815
 -2.    -1.525 -0.545 -0.905 -0.61   0.765  0.55  -0.695  2.175 -1.515
  0.41  -1.55  -0.29  -2.37  -0.685 -1.065  1.105  0.51  -0.52   3.265
 -1.15   1.015  1.365  0.815 -0.785  0.465  0.16   0.25  -0.345  0.395
  2.85  -1.91 ]
[ 0.3959798   0.53033009 -0.53033009  0.01414214  0.834386   -0.97580736
 -0.65760931  0.92630988 -0.40305087  0.1979899  -0.97580736 -0.38183766
  0.23334524  0.25455844 -0.37476659 -0.30405592  0.13435029 -0.53033009
 -0.19091883 -0.07778175  0.00707107  0.02828427  0.05656854 -0.36769553
 -0.07071068 -0.03535534  0.1767767   0.55154329  0.75660426 -0.98287843
  0.2192031   0.10606602  0.06363961 -0.05656854 -0.93338095 -0.70710678
  0.0212132   0.48083261  0.11313708  0.14849242 -0.72124892  0.01414214
 -0.01414214 -0.91923882 -0.03535534 -0.28991378  0.23334524 -0.12727922
 -0.34648232  0.1767767   0.12727922  0.11313708  0.08485281 -0.06363961
 -0.45254834  0.03535534 -0.13435029  0.04242641 -0.28991378 -0.11313708
  0.26870058 -0.14849242  0.12020815 -0.14849242 -0.34648232 -0.47376154
 -0.88388348  0.1979899   0.24041631 -0.64346717  0.91216775  0.16263456
 -0.05656854  0.08485281  0.21213203  0.07778175  0.57982756 -0.12020815
 -0.25455844  0.79195959  4.10121933  0.91923882 -0.2192031   0.53740115
 -0.18384776 -0.68589358  1.4707821  -0.18384776 -0.79903066  1.63341666
  0.65053824  0.55861436  0.24748737 -0.50911688  1.08187338 -0.6151829
  0.49497475  0.38890873  0.44547727 -1.38592929 -0.25455844  0.32526912
 -0.14849242 -0.12020815 -0.02828427 -0.5939697   0.15556349 -0.23334524
 -0.64346717  0.72124892 -0.85559921 -0.77781746  0.48083261 -0.53740115
 -0.1979899  -0.34648232  0.51618795  0.99702056  0.04949747  0.40305087
 -1.30107648  1.36471609 -0.6363961  -0.35355339 -0.38890873  0.60104076
  0.1767767   0.89095454  1.6263456  -0.00707107  1.2091526   1.48492424
 -0.49497475  0.44547727 -0.31112698 -0.94045202  0.36062446 -1.07480231
  0.98994949  1.88797511 -1.8243355   0.00707107 -0.71417785  1.90918831
 -1.06773124  0.45961941 -0.26870058  0.3959798   0.04242641  0.14142136
  0.43133514  0.14849242 -0.12020815 -0.24748737 -0.16263456 -0.09192388
  0.30405592  0.60104076 -0.05656854 -0.14142136 -1.51320851 -0.84145707
 -0.64346717 -0.55154329  0.02828427 -0.03535534  0.38890873  0.55861436
  0.10606602 -0.47376154 -0.29698485  0.40305087 -0.15556349 -1.29400541
  0.28991378 -0.70710678  0.25455844  0.68589358  0.89802561 -0.57275649
  0.09899495  0.31819805  0.19091883 -0.60104076  0.50911688 -0.53033009
  1.251579   -0.82731493  0.07778175  1.01823376 -0.57275649 -0.43133514
 -1.17379726  0.4384062  -0.35355339  0.07071068  0.          0.05656854
 -0.24748737 -0.07071068 -0.45961941 -0.07778175  0.45961941 -0.417193
 -0.31112698 -0.07071068 -0.22627417  0.05656854 -0.11313708 -0.35355339
  0.16970563  0.24041631  0.13435029  0.0212132  -0.01414214 -0.04242641
 -0.06363961 -0.28284271  0.84145707 -0.08485281 -0.19091883 -0.48083261
 -0.04242641 -0.11313708  0.56568542  0.97580736  0.02828427  0.19091883
  0.06363961 -0.79195959  0.07071068  0.58689863  0.26162951 -0.4384062
 -1.95161472 -0.67175144  0.10606602 -0.0212132  -0.24041631 -0.16263456
 -0.14849242 -0.51618795 -0.35355339  0.03535534 -0.55861436  0.26870058
 -1.07480231  1.0535891  -0.45254834 -0.3959798  -0.07778175  0.33941125
  0.26870058  0.29698485 -0.24041631 -0.23334524  1.54149278 -0.30405592
  0.09192388 -1.35764502 -0.50204581  0.417193    0.84852814 -0.42426407
  0.67882251 -0.74953319 -0.60811183 -0.22627417 -0.48790368 -0.46669048
 -0.09899495 -2.085965    1.15965512  0.43133514  0.76367532  0.45254834
 -0.55154329  0.14142136 -0.06363961 -0.22627417  1.59806133 -1.11722871
 -0.36062446  0.77781746  1.76069589  0.38183766  0.30405592 -0.65053824
  0.36769553 -0.74246212  0.14142136  0.54447222  0.45961941 -1.15258405
  0.14849242  0.51618795  0.28991378 -0.18384776  1.44249783 -0.68589358
 -0.79903066 -0.24748737 -0.72124892 -1.13137085]
