[ 88539.698275  89082.5845    83685.750525  75166.637225  60055.9123
  56373.807425  56587.742675  60330.9273    53821.212375  53387.757575
  50379.569775  57838.5149    63634.570075  70357.662575  73920.13815
  73223.704575  81746.874625  82049.688     84433.27815   85321.7427
  88247.83005   90380.3126    87629.406975  88237.141625  81824.539525
  82849.36485   84995.387575  87488.063     82281.517075  78683.85975
  81771.873525  82252.427725  85682.542975  83914.842325  88885.67675
  94233.8725    96958.4475    93448.915     92586.14      96451.125
  93761.885     93440.8375    93550.84      96033.595     92499.97
  90671.49      89389.9975    88614.315     80127.0975    78771.6775
  72051.06      77693.8625    74654.5275    74711.6475    76258.525
  83144.9225    85780.1525    84430.0875    82862.2575    81253.6775
  75143.095     77500.235     77526.7175    80186.1025    79116.5825
  82933.6525    85668.6825    86597.9575    88599.865     91613.07
  94493.35      93093.085     91105.9675    88723.6725    90580.3
  91911.4975    84382.0975    84496.6775    88265.5625    88864.885
  92643.775     93072.085     92201.185     95411.25      93253.3475
  91755.9825    88494.2075    90118.3025    88152.37      91022.665
  90439.39      93058.295     93446.115     96713.0275    99766.8625
  99358.0825    94159.7775    94321.0775    95800.5425    94100.9325
  95723.7225    98698.8375    99157.1175    97117.2475   108368.4925
 112035.9775   111045.3375   107878.2275   101130.7475    98022.5675
  87794.1025    86753.2625    91797.1225    90851.0425    89157.365
  87193.4575    78575.7575    77046.0325    80510.455     82669.65
  84669.4875    80852.7075    83284.7375    83925.5675    88647.035
  92033.0325    94851.725     94578.65    ]
[ -821.176775  1627.8491    1016.314925  1317.133325  3934.2976
  1967.752175 -2682.432075   256.083     1442.717325  1216.987525
  -884.504925 -2306.12475  -1489.114475 -1285.861875  1159.3579
   792.830575 -1631.415575   697.3716   -1751.90315  -1693.1372
   636.36525    877.05165   1516.168125  -117.082175  1104.805175
  -860.8102     183.927825   511.9976    1339.303175  -108.5055
   -11.962425  -565.807625   339.837925  -708.106925 -1200.78795
  -451.6325     142.2875    -356.165     -284.38      -131.05
   747.485     -440.2275   -2154.94       377.255      346.23
  1868.1        -23.1825     441.275      618.8675    2222.9575
 -1585.07     -1900.0775    1727.0775    1280.8975   -1316.615
 -1003.6525     300.5075    1014.8775    -604.3825    2517.2075
   414.185     -282.415      371.2575    -590.8975     642.5575
  -481.3225   -1093.2375    1041.0825    -748.33     -1084.44
  -461.68       882.815      741.3925     804.6525   -1643.955
  1200.2075    2021.6475   -1337.5325    -195.9325     398.8
  -552.81      -371.58       414.365     -275.27       393.9475
     8.5525   -1342.5075     690.4375   -1435.01       901.27
 -1261.685     -171.555     -464.97     -1948.2125    -851.9375
  1099.9325     625.6275   -1222.5075     333.2575    1515.5075
  -850.2275    -298.1175    -273.1475    -903.2675   -3350.8175
  1320.2025     792.5675     274.3675    -346.1225     658.5825
  1575.2375    1024.0925    -698.3075     699.3775    1157.045
   426.1875    1344.6575    -438.3375    -988.275      128.445
  1074.4825    -609.4825     967.5825   -1167.4625    -337.815
   -58.4175     240.29         0.      ]
[-5.95368778e+02 -1.75290799e+03  8.31819204e+00  1.23403879e+03
 -6.77030525e+02  7.17328080e+02  9.49574050e+01  1.67310996e+03
 -2.05429016e+02  2.83014207e+03 -3.25417612e+02  1.29151296e+03
 -1.19448013e+03 -1.90087638e+03  7.93974920e+02 -1.17339781e+03
  1.31514062e+03 -3.01110781e+02  2.75718470e+02 -5.05370984e+01
  8.38327945e+02 -1.05536069e+03 -7.31293015e+01 -5.83122784e+02
  7.06261223e+02 -2.18282827e+03 -1.01844024e+02 -1.68340512e+03
 -1.63394169e+02  5.31611045e+02  4.12302686e+02 -9.26977675e+02
 -1.08982836e+03 -2.06815652e+02  7.41005763e+02  5.58553546e+02
 -1.53165403e+03 -5.36016144e+02  5.32532936e+02 -6.72493763e+02
  3.47567802e+02 -4.52834223e+02 -2.27664165e+02  9.36167341e+02
  5.37241630e+02  5.47236832e+02 -8.94227141e+02  8.83229403e+02
  8.93192537e+02  9.92188158e+02  3.10055717e+00 -2.71744990e+02
 -1.06100665e+01  8.09991171e+01 -7.92623851e+02  4.97588426e+02
  6.45687875e+02  1.58126047e+02  3.07338659e+01  2.62291043e+02
 -9.31832104e+02  1.04734256e+03 -3.84927789e+02 -8.49252533e+02
 -5.27742004e+02  2.80562611e+02  3.04406004e+02 -4.30246864e+02
 -4.67284233e+02 -5.04008177e+02 -8.02785400e+02  1.25005872e+02
 -1.64969780e+03  1.24080270e+03  1.92403755e+02  3.31548228e+02
  1.75143279e+02 -8.09389777e+02 -6.63566681e+02  4.33254931e+02
  1.76691842e+02 -4.78562798e+02 -3.03044753e+02  7.74455167e+02
 -6.68314903e+02 -1.14427555e+03  3.31809857e+02  7.01449927e+02
  2.76429254e+02  2.43456865e+01  1.08251684e+03  7.15443570e+02
 -6.88428556e+02  1.03615185e+03 -6.65147065e+02  1.73511276e+03
 -5.63454503e+02 -3.36179777e+02  6.70977160e+02  6.54498037e+02
  9.33175890e+02 -7.83566237e+02 -1.59812850e+03 -3.20128453e+02
  7.66896195e+02 -5.53699965e+02  4.44943407e+02 -2.38931381e+02
 -3.66917709e+02 -5.79304302e+02 -2.95061518e+02 -1.23591659e+02
  1.73029029e+01  7.66903266e+02  5.76292027e-01  5.36128361e+01
  2.57630820e+02  1.02643620e+02  6.41172609e+02  1.19481247e+03
  6.04364166e+01 -5.79311373e+02 -2.95598919e+02 -8.46951289e+02
  4.49772946e+02  5.74573757e+02 -3.36437871e+02  1.65010438e+02
  3.12972532e+02 -2.89026361e+02 -5.52094833e+02 -3.17593475e+02
 -3.85638361e+02 -4.41376053e+01  9.40381308e+01  2.83019489e+01
 -1.15862982e+02 -3.49109224e+02  3.82544769e+00 -4.06388409e+02
 -7.73433397e+01 -1.43846732e+02  3.49692588e+02  7.48486670e+02
 -1.92325973e+02  8.86793221e+02 -4.91686700e+01  8.68327127e+01
 -7.66471931e+02 -5.57741080e+02 -2.78356120e+02  4.27000572e+02
  8.94521898e+02  8.48082660e+02 -1.51161752e+02 -1.58816183e+01
 -9.83797665e+01  1.25193256e+01  7.98369518e+02 -9.56075543e+02
 -3.03408913e+02  2.57022708e+02 -1.02848681e+01  2.83655885e+01
 -4.46629856e+02  2.07896465e+02 -4.75034336e+01  2.31853242e+02
  3.64955487e+02 -3.10151176e+02 -9.05627010e+01  5.86912771e+02
  5.33787838e+02 -5.60343233e+02 -4.08212745e+02  9.79212077e+02
 -3.42713444e+02 -5.75733412e+02  3.76852559e+01  4.71063931e+02
 -7.88547805e+02 -3.06951518e+02  2.37375746e+01  3.32835162e+01
 -2.94874134e+02  3.21425994e+02 -4.68419352e+02 -2.35982746e+02
 -4.65682848e+02 -7.51513087e+01 -6.22094868e+02  4.71937208e+02
  9.78427189e+02  2.65667089e+02 -2.73904883e+02 -1.61824922e+02
 -1.84477088e+02 -6.99820046e+02 -2.35982746e+02  1.80534968e+02
 -1.67008015e+02 -4.44734810e+02 -9.83557248e+02 -2.66547437e+02
 -3.75763615e+02  2.46076695e+02  2.39355645e+02 -1.59251054e+02
 -3.22318009e+03 -1.68949023e+02  2.28579338e+02  5.10849294e+01
 -4.72258941e+02  5.22127647e+02  1.55326611e+02  1.15939349e+03
  1.64720525e+01  2.72632091e+02  3.66797501e+02  7.98235168e+02
  1.00667964e+03 -1.90689021e+02 -2.60105694e+02 -6.30003858e+02
 -2.79289501e+02 -1.74563451e+02 -4.12879650e+01 -3.14839294e+01
  3.69647141e+02  8.04843080e+02 -3.13223555e+02  1.05615590e+03
  7.85146621e+02 -1.24026529e+01  8.22305082e+02 -9.66897813e+01
 -8.69479711e+02 -3.94806000e+02 -4.78605225e+01 -8.75783568e+02
 -1.67619662e+02  1.27189772e+03  2.69694062e+02 -9.21367207e+02
 -2.73360411e+02 -4.56943009e+02 -5.24662625e+02 -1.05417600e+03
 -3.92458406e+02 -5.84430826e+02 -2.88262686e+02 -1.13794694e+02
 -3.38488481e+02 -4.14679236e+02  0.00000000e+00]
[-1.6215035e+02 -3.0541995e+02 -4.6252440e+02 -5.8367095e+02
  3.4412985e+02  4.1069435e+02  5.5125000e+01  2.6446000e+02
  1.3994500e+00 -1.9148440e+02  2.5571485e+02  3.4965000e-01
  1.0713408e+03 -9.9703905e+02  4.2862985e+02  5.7376465e+02
  5.6287500e+02  1.6097754e+03  8.6807960e+02  1.5588480e+02
 -4.8804490e+02 -1.2949000e+00  9.9362450e+02  8.1190035e+02
 -3.5229980e+02  3.0120100e+01 -6.2904490e+02 -1.9492965e+02
 -2.5077980e+02  9.3962990e+02 -3.6220460e+02  3.4778030e+02
  4.2394970e+02  2.1970200e+01 -3.1854005e+02  2.2745510e+02
 -3.4456445e+02 -2.8730450e+01  1.7714020e+02 -9.8769550e+01
  7.2427980e+02  4.7974505e+02 -6.1672515e+02  1.5219750e+01
 -3.1048485e+02  3.3280470e+02 -4.8182965e+02 -7.8153950e+02
  3.6146000e+02  4.5154800e+01 -9.5605950e+02 -6.3887595e+02
  4.6140525e+02 -5.9201475e+02  8.3104550e+01 -8.0030080e+02
  6.5570300e+01 -3.8992575e+02  4.3140520e+02  4.0954495e+02
 -2.7079000e+02  2.9847555e+02  9.6294900e+01 -6.8554980e+02
 -1.7882520e+02 -3.7873535e+02 -4.7045505e+02  6.5354650e+01
 -8.3529300e+01  3.1399400e+01  1.8265600e+01  4.9233010e+02
 -8.2354495e+02 -2.0492975e+02 -6.1935000e+02  2.5080100e+01
  2.7410060e+02  1.2366500e+02 -1.6411425e+02 -4.1039455e+02
  1.3984400e+01  7.0074020e+02  1.0095995e+02 -6.4547555e+02
 -1.1667965e+02  3.1027440e+02  1.9446015e+02 -4.8044920e+02
  1.6988575e+02 -1.7670895e+02  4.9587500e+02 -2.6150535e+02
 -7.9344550e+01 -3.7047460e+02  3.1349120e+02  2.2520520e+02
  7.3756545e+02  6.7839850e+01 -2.7324905e+02 -1.6224510e+02
 -2.5736035e+02 -3.0350490e+02 -3.5582500e+02 -3.0820250e+01
 -1.0975550e+01 -2.8383005e+02  4.6424800e+01 -4.2075565e+02
 -4.4509960e+02  7.7500000e+01  6.0999995e+02  7.5565450e+01
  1.3790040e+02  5.4495895e+02 -5.3370150e+01  5.1393555e+02
  2.2361035e+02 -4.6810520e+02 -1.1983010e+02 -3.1071485e+02
 -1.2285935e+02 -2.8511035e+02  3.1969700e+01  1.5381545e+02
 -3.8679490e+02  1.3613580e+02 -2.7803515e+02 -1.9870020e+02
 -4.1137990e+02 -1.4396000e+02  5.3908005e+02 -1.0177340e+02
  2.1378515e+02 -5.2790050e+01 -4.1950585e+02  3.4685500e+01
 -3.3934650e+01 -1.7489555e+02 -1.2394435e+02 -2.9432005e+02
 -2.3296500e+02 -1.2024500e+02  2.6935000e+01  2.5515000e+02
 -5.0485500e+02 -2.3495000e+02  2.9466000e+02  1.7277000e+02
  2.3251500e+02 -1.1490500e+02  4.9440000e+01 -2.4370000e+01
  5.5003500e+02 -2.8478500e+02 -2.2985500e+02 -4.6200500e+02
  5.1165000e+01 -8.2080000e+01  2.1896500e+02 -1.5320000e+01
 -9.5345000e+01  4.6882500e+02 -1.1945500e+02  8.9445000e+01
 -1.9362000e+02 -1.2146000e+02 -2.6455500e+02  4.6770000e+02
 -3.6705000e+02 -2.7042000e+02 -4.0150500e+02 -1.7538500e+02
  1.6897000e+02  4.1117000e+02 -6.8650000e+01  4.0124000e+02
 -1.8425000e+01  2.0203500e+02  3.9667500e+02 -3.4879500e+02
  3.7870000e+02  1.8224000e+02  2.4337000e+02 -2.7210000e+01
 -1.0876500e+02 -4.6905000e+02  5.6100000e+00  5.4330000e+01
 -1.2132500e+02 -2.1881500e+02 -1.1812000e+02  1.2693800e+03
  2.8986000e+02 -7.5215000e+01 -2.5364000e+02 -2.6863000e+02
  5.6046000e+02 -2.2522500e+02 -1.8478000e+02  4.9119000e+02
 -3.4444000e+02  5.5230000e+02 -6.0393000e+02  5.2560000e+01
 -1.4243500e+02 -9.3863000e+02  2.8400500e+02 -6.4725000e+01
 -3.2766000e+02  7.9354500e+02  2.4732000e+02 -3.8760000e+02
  2.9615000e+01  2.9684000e+02  6.3665000e+01 -1.4043500e+02
 -1.8088500e+02  6.1285000e+01 -1.1556000e+02 -4.8618000e+02
 -2.4680500e+02 -2.7916500e+02 -8.9495000e+01 -1.8955000e+02
 -1.8811500e+02 -2.9855000e+01  1.7725000e+01  5.5496000e+02
 -3.4255000e+02  8.5025000e+01  2.2645500e+02  3.8326500e+02
  1.6795000e+02 -3.9772500e+02 -2.6554000e+02  8.2010000e+01
 -3.0329000e+02  4.1302500e+02  2.4521500e+02  5.8426500e+02
  2.0712500e+02  1.8088500e+02  2.1230000e+01 -1.3058000e+02
 -4.3280000e+02  2.3294000e+02 -2.2722000e+02 -2.1403000e+02
  3.1001500e+02 -1.1367000e+02  6.8545000e+01 -1.2082500e+02
 -1.2592500e+02 -2.7050000e+02  1.6980000e+01  1.4870000e+01
  3.7015000e+01  1.3759500e+02  1.3017000e+02 -3.9628500e+02
 -5.7081500e+02 -8.2550000e+00  5.5585000e+01 -3.6480000e+01
  5.9695000e+01 -1.3941000e+02 -1.5181000e+02  2.7517000e+02
 -4.0481500e+02  3.5568500e+02  6.3610000e+01 -2.5001500e+02
 -1.4538000e+02 -2.4638500e+02 -3.0005000e+02 -1.5019500e+02
 -5.1800000e+00 -3.4780000e+01 -6.5673500e+02  1.3669500e+02
  3.3450000e+00 -1.7560500e+02  2.0620000e+01 -1.3610000e+02
  4.7286000e+02 -1.7535000e+02  2.9728500e+02  1.5040500e+02
  2.5968500e+02 -4.0713500e+02  3.5379500e+02 -1.5106000e+02
 -1.4624500e+02  4.0880000e+01 -2.6960000e+02  2.8599000e+02
 -2.9115500e+02 -3.2777000e+02 -1.4898500e+02 -1.7777000e+02
  3.2465000e+01  2.0574000e+02 -1.4617000e+02  1.5948000e+02
  2.9010500e+02  1.3192000e+02  6.9261000e+02 -4.8698000e+02
  3.5022500e+02 -1.2559000e+02  1.1998500e+02 -2.2225000e+01
 -1.6960000e+01 -1.1782000e+02  3.2563000e+02 -6.2496500e+02
  1.6336500e+02 -1.5259000e+02  8.5755000e+01 -2.1225000e+02
 -2.7833000e+02 -2.5503500e+02 -1.1015000e+01  8.9420000e+01
  3.7380000e+01 -6.3165000e+01  2.0260000e+01  2.2043500e+02
 -3.0351000e+02 -3.5950000e+01  1.0235500e+02  4.3850000e+00
  2.9180000e+01 -7.2000000e+00 -8.0105000e+01 -1.0357500e+02
  4.2274000e+02 -7.9575000e+01 -2.6755000e+02  8.1700000e+01
 -2.5793000e+02  5.3235000e+01  5.9835000e+01  7.5475500e+02
  2.9154500e+02 -1.9312500e+02 -1.8830500e+02 -1.3654000e+02
  9.3920000e+01  1.5991000e+02  1.9747000e+02  3.4949500e+02
  2.6335000e+01 -2.6373500e+02 -3.1651500e+02  1.1984500e+02
 -4.3007500e+02  2.0997000e+02  2.6977000e+02 -5.1145000e+01
  1.7644500e+02 -3.1056000e+02 -1.6418000e+02 -3.8550000e+00
 -4.5955000e+01  3.5665000e+01  2.9300000e+00 -8.2800000e+00
  3.9726500e+02 -2.2350000e+02  3.4785000e+01 -3.8760000e+01
  7.7050000e+00 -4.1211000e+02 -4.1542500e+02  1.2777500e+02
 -3.6165000e+01 -1.8798000e+02 -7.6110000e+01  1.3550000e+01
  8.0960000e+01  1.9245000e+01  2.8955500e+02  8.0875000e+01
  1.0125000e+01  4.1574000e+02  4.1900000e+00 -6.8780000e+01
 -1.6633500e+02  1.1497500e+02 -2.3077500e+02  2.6365000e+02
  5.0350000e+00  3.2750000e+00 -2.0556500e+02 -1.1678000e+02
 -1.2464500e+02  3.8455500e+02  4.0842000e+02 -5.0344500e+02
 -4.0193500e+02 -5.5030000e+01 -3.1515000e+02 -2.0640000e+01
 -4.5802000e+02 -8.3130000e+01  2.0059000e+02  1.8588500e+02
 -4.0750000e+01 -8.0340000e+01 -2.1146500e+02  4.4132000e+02
  2.2398000e+02 -1.3878000e+02 -1.8667000e+02 -1.9025000e+01
 -1.6715500e+02 -6.1767000e+02 -1.7200000e+01 -2.8297000e+02
 -1.6183000e+02  1.4515000e+02 -1.3690000e+02 -3.9927500e+02
 -6.8025000e+01  4.8637000e+02 -1.2638500e+02  3.1812500e+02
  1.6189000e+02 -2.1200500e+02  2.5516500e+02  1.1983500e+02
  1.2969100e+03 -8.9735000e+01 -2.4341500e+02  3.5712500e+02
  6.6050000e+01 -2.8720000e+01 -1.8300000e+00  1.4261500e+02
  1.2242600e+03 -4.1499000e+02  5.1120500e+02 -7.5589000e+02
 -3.2785000e+01  1.8287000e+02  5.2155500e+02 -8.3987500e+02
 -2.3544000e+02 -3.7149500e+02  3.4310000e+01  1.9637000e+02
 -2.9305500e+02  2.9865500e+02  4.0686000e+02 -2.5103500e+02
  1.3875000e+01 -1.4515500e+02  1.5847000e+02  3.2147000e+02
 -3.7334000e+02 -2.8977500e+02  4.5560000e+01  6.1076000e+02
  1.4981000e+02  3.1778500e+02 -3.6290000e+01 -3.0926000e+02
  5.1422500e+02  3.0300000e+02 -1.0460500e+02  2.3426500e+02
 -3.3184500e+02 -9.3515000e+01 -2.8055500e+02 -2.7877500e+02
  1.7232500e+02 -2.2584000e+02 -8.9630000e+01 -7.9249500e+02
 -1.5840000e+02  1.4002000e+02  3.9971000e+02  2.1700500e+02
  3.2990500e+02  2.1362000e+02 -1.7023000e+02 -3.5772000e+02
 -1.5620500e+02  3.8424500e+02  2.5603000e+02 -2.4887500e+02
  3.5528000e+02  2.4400500e+02 -4.2439000e+02 -2.6928000e+02
 -2.1399000e+02 -5.9840000e+01  3.3453000e+02 -2.0911000e+02
 -2.7678500e+02  3.2240000e+01  6.9740000e+01 -1.2999000e+02
 -3.1177000e+02  5.0757500e+02 -1.6948500e+02  1.8873000e+02
 -2.3645000e+01]
[147.09199907 164.04877324 -47.01574201 ... 200.2597115   18.65347689
 243.40736729]
