[42900.2353  43913.30075 43003.58985 45641.3262  45188.2607  45029.18455
 43744.82025 42388.6406  41456.23925 42377.7803  41461.6562  40609.21875
 37339.71    37732.6201  37229.5947  35356.74025 31242.0005  31307.9551
 29195.63475 24466.29    28513.6147  28809.1299  27372.      25779.88965
 25682.5952  27477.4946  27994.7002  30351.62495 30567.74465 29077.4145
 28997.1353  30238.0948  27860.5503  26399.11475 25487.3247  25990.2397
 27241.8198  26889.0298  25841.96535 25936.8198  24747.0303  23585.69505
 24717.35015 25979.8447  27544.4253  27335.6948  29497.3349  30313.02545
 31110.52975 30096.08985 30707.0503  33936.20505 33921.4492  34416.73915
 34187.69525 36666.9697  37006.08005 37262.4297  36262.86035 35705.5
 36891.2647  36111.56545 35237.35545 36655.96    39034.98435 40497.22365
 41205.54985 41349.44905 41632.041   40363.5049  40813.25975 39968.9297
 40115.80465 42075.915   42484.99945 43196.47945 41838.3555  41285.6699
 42766.63965 43641.4102  44557.02535 43892.9453  43113.9443  43892.2559
 45261.1963  45426.74025 45008.3708  43679.36035 44718.74995 43714.82915
 42974.58595 42442.9399  43174.38965 44394.48925 44391.75485 43254.55025
 41736.78515 40310.37985 40789.8252  39464.23535 40757.7696  40681.0146
 41485.65415 41718.7041  42426.88965 42408.5947  42150.23435 42221.93995
 43286.0791  44285.8145  43525.81545 42898.70995 42049.3496  41017.67975
 40352.96485 40114.01465 38889.0352  39079.8589  39267.7656  39059.78515
 40062.42095 41437.29005 41199.9297  39980.3144  40376.86035 40748.82515
 40716.23435 41859.9053  42497.04005 43290.9961  42472.70995 42172.3701
 41582.26075 41241.5605  41910.00975 42457.6543  43385.73965 43999.24995
 44474.4443  45248.18995 46078.755   47268.435   47243.625   46802.295
 47282.675   49543.71    48725.335   47075.29    46249.35    46150.63
 46717.57    46372.42    45895.085   45790.55    45712.085   46948.9
 47380.265   48402.395   48227.08    47606.735   47228.135   46455.27
 46003.365   46686.655   45929.165   46488.18    47224.945   45987.395
 45063.89    45983.77    46920.605   48556.75    48214.235   47627.55
 47922.08    46965.455   46430.35    46074.56    45902.285   45975.23
 46756.98    45280.25    44650.48    43502.665   44017.32    44988.85
 45060.695   43702.81    43849.065   44925.93    45047.91    42657.085
 39164.76    40388.74    39114.555   39702.32    40474.745   39768.975
 38356.395   37334.435   35609.12    33918.555   35944.56    37105.025
 36544.93    38871.34    39105.52    39606.79    38478.84    37247.725
 35870.3     36642.81    38201.445   37358.435   36368.435   36752.025
 37114.195   37499.75    38228.01    39134.91    40605.795   41110.145
 41718.8     41977.16    42836.205   42777.495   43099.515   41800.035
 42433.885   42337.455   41547.925   41548.65    41131.24    40889.835
 41674.345   41378.775   42197.135   41219.02    39910.63    38167.465
 37602.575   37588.095   36761.745   37503.41    38248.335   38597.86
 38040.755   39347.935   39022.48    38347.205   38746.6     37974.14
 39446.395   39901.485   40389.315   40117.79    40000.07    39475.945
 38808.38    39348.255   40705.455   41384.85    41341.7     41824.495
 41840.245   42454.195   43265.9     43147.715   43790.71    43497.785
 42584.935   42586.855   43681.51    43715.055   44255.93    44774.795
 45118.845   45163.515   46017.045   46495.25    46706.575   46944.72
 47236.71    47439.32    46906.155   46624.985   46369.965   45349.61
 45499.4     45866.025   45299.77    44303.77    44571.175   44365.92
 43862.11    43551.71    43688.535   44856.385   45505.18    46412.07
 46023.505   46395.08    45391.95    44722.09    43549.01    42218.37
 41429.475   40224.165   41038.96    41512.215   42665.23    42748.005
 43877.13    43888.28    43962.76    44137.925   44745.525   43790.98
 43417.785   44747.055   45642.83    46150.965   46585.27    46200.78
 46155.685   46191.22    46499.915   46294.955   45827.74    46342.365
 45866.105   45523.27    47299.51    47434.18    47809.7     47497.77
 46773.255   46108.23    46078.265   46354.295   45590.425   45714.145
 46040.915   45121.155   43767.72    42954.31    44356.355   45091.13
 44855.72    45411.72    45104.085   43733.565   42904.15    43451.61
 44249.79    44988.125   45815.37    45583.155   45013.325   44490.53
 43711.35    44963.81    45544.305   45913.55    46231.43    46164.92
 46533.61    46426.855   45873.105   46579.845   47080.05    46497.59
 46979.45    47641.31    49008.69    49268.81    48974.56    49668.025
 50116.135   50136.195   49492.085   50523.235   49160.155   48493.65
 47741.15    46452.58    46767.71    46209.97    46041.495   46591.29
 47520.165   47553.28    47520.7     47716.785   47026.605   47973.81
 47141.465   47530.33    46130.045   45971.625   46978.655   47334.795
 47731.6     48391.5     48282.43    49714.72    49071.21    49322.82
 48973.905   49590.125   49626.85    49124.32    47951.      47736.105
 48729.36    48955.555   50057.2     54234.99    55286.57    55353.485
 56668.83    55826.635   54996.345   54974.68    55397.57    55604.785
 55136.62    54126.8     53808.45    53644.915   54274.025   52281.72
 49060.47    50150.98    50759.645   50080.97    49128.825   48853.49
 48743.91    47649.725   44793.255   42968.14    42315.78    42768.185
 43244.08    43664.485   42070.905   43019.255   45030.2     45497.955
 46031.07    46017.745   45316.04    45523.42    44824.025   44853.725
 45120.235   44462.89    44380.625   43141.135   43301.6     43900.21
 43857.895   41914.995   39994.425   39105.72    37924.55    38396.095
 38608.51    37535.845   38347.615   38480.035   38943.515   40144.88
 40307.81    40860.955   41155.87    41222.655   40510.06    41720.885
 42575.245   42900.5     42246.81    40621.165   39966.36    39761.745
 39929.855   41209.18    41798.83    42090.875   40531.725   41421.05
 40547.505   41549.79    41688.165   43172.93    43760.22    44258.25
 43795.93    44799.445   45595.405   45879.035   45772.1     45988.335
 47222.87    47262.7     46803.77    47217.05    47114.085  ]
[-2.33635700e+02 -2.85710950e+02 -6.05320350e+02 -5.80945300e+02
  2.39661100e+02  5.64514650e+02  2.44589850e+02  2.97390600e+02
 -4.06103500e+01  1.43600600e+02  4.87115200e+02  1.18330050e+02
  1.40191110e+03 -7.72428700e+02  6.66825200e+02  8.70580050e+02
  1.32970200e+02  1.52322560e+03  1.16854495e+03 -8.32070300e+02
 -2.15095200e+02 -1.78929700e+02  6.07990200e+02  6.65530250e+02
 -5.65454600e+02 -3.71948000e+01 -8.96259700e+02 -2.06650500e+01
 -3.90584450e+02  6.72484900e+02 -4.33154800e+02  8.34724600e+02
  4.87890100e+02  9.93550500e+01 -2.45704600e+02  1.49460500e+02
 -4.07879400e+02 -1.21520000e+02  1.19435050e+02  3.67993000e+01
  3.82000000e+02  5.47065150e+02 -7.85159650e+02  1.54150000e+01
 -1.86665600e+02  2.40135300e+02 -4.29674800e+02 -9.36754850e+02
  7.37299500e+01 -3.17965000e+00 -1.19498970e+03 -6.71554650e+02
  3.20140600e+02 -6.03129950e+02  7.43144500e+01 -6.10700200e+02
  7.31601500e+01 -4.18279300e+02  4.01600550e+02  2.74980500e+02
 -1.59756000e+01  2.69885750e+02  2.74304650e+02 -5.11569300e+02
 -3.08847500e+01 -2.62815450e+02 -3.98139650e+02  4.45604500e+01
 -1.22589900e+02  8.04150000e+01 -7.83007500e+01  3.72439400e+02
 -8.32124950e+02 -1.55065400e+02 -6.86430250e+02 -1.00180650e+02
  2.36775400e+02  4.50703000e+01 -3.21494500e+01 -2.87570300e+02
  2.83964500e+01  8.66375000e+02  2.59114300e+02 -5.83455100e+02
 -2.36415100e+02  3.27740250e+02  1.86159800e+02 -7.23360350e+02
  3.33269550e+02 -2.73030250e+02  4.51074150e+02 -4.02800300e+02
 -1.94729450e+02 -2.91629850e+02  3.16514650e+02  1.16559950e+02
  4.12054650e+02 -1.67979450e+02 -2.73895500e+02 -2.48264650e+02
 -1.98390600e+02 -4.09725600e+02 -4.77384950e+02 -2.66135700e+02
 -1.10497500e+01 -3.06565400e+02  1.53835950e+02 -3.90279750e+02
 -5.09729500e+02  6.08555000e+01  4.97264650e+02  6.71592500e+01
  1.61839900e+02  5.56730450e+02 -6.03515000e+00  4.53875950e+02
  2.35775400e+02 -4.52040600e+02 -2.99015600e+02 -1.94154250e+02
 -1.38129850e+02 -2.38399450e+02  2.24349600e+02  5.39961000e+01
 -4.69229550e+02  2.43045850e+02 -3.60695350e+02 -2.04665000e+02
 -3.73409250e+02 -1.89394500e+02  2.95428750e+02  7.71787000e+01
  2.88569350e+02 -3.21504000e+01 -4.17259750e+02  3.29942000e+01
 -3.13509500e+01 -5.10507500e+01 -1.41748000e+01 -2.71360050e+02
 -2.50255000e+02  4.14250000e+01  7.66050000e+01  4.26855000e+02
 -5.33415000e+02 -1.31260000e+02  4.75575000e+02 -1.67810000e+02
  1.70810000e+02 -1.07160000e+02  5.17300000e+01 -1.08100000e+02
  5.11455000e+02 -1.57610000e+02 -2.56555000e+02 -4.77400000e+02
  9.26650000e+01 -3.78050000e+01  3.46520000e+02 -1.61250000e+01
 -1.63775000e+02  5.82620000e+02 -5.33850000e+01  2.10425000e+02
 -4.21225000e+02 -4.31000000e+01 -2.00055000e+02  6.08265000e+02
 -4.79230000e+02 -2.43090000e+02 -4.08815000e+02 -1.21120000e+02
  6.52050000e+01  2.10830000e+02  2.23610000e+02  3.88605000e+02
  6.47900000e+01  1.62340000e+02  4.60485000e+02 -3.27160000e+02
  5.53580000e+02  2.50050000e+02  3.53600000e+02 -2.07895000e+02
 -8.62300000e+01 -5.29570000e+02 -1.29650000e+01 -1.12770000e+02
 -1.41915000e+02 -1.87840000e+02 -3.69200000e+01  1.22037500e+03
 -5.03900000e+01  8.34400000e+01 -2.27765000e+02 -3.66960000e+02
  6.45435000e+02 -1.04750000e+01 -2.80415000e+02  5.98315000e+02
 -5.32490000e+02  4.96005000e+02 -5.26490000e+02  1.54575000e+02
 -2.52610000e+02 -8.36600000e+02  1.29310000e+02 -8.61100000e+01
 -3.77780000e+02  5.30645000e+02  2.45720000e+02 -3.48800000e+02
  1.86350000e+01  3.35605000e+02  1.28350000e+01 -2.55375000e+02
 -1.97605000e+02  4.09700000e+01 -7.17900000e+01 -4.94960000e+02
 -5.62850000e+01 -3.86285000e+02 -3.09670000e+02 -3.05900000e+02
 -6.73050000e+01  1.52775000e+02  1.49295000e+02  2.71525000e+02
 -2.13705000e+02  3.33925000e+02  2.10265000e+02  3.83680000e+02
  1.82000000e+02 -4.21845000e+02 -3.31305000e+02 -7.72250000e+01
 -3.61475000e+02  4.03630000e+02  2.81280000e+02  2.93295000e+02
  2.22765000e+02  2.68355000e+02 -1.78150000e+01 -3.22780000e+02
 -4.13415000e+02  3.37660000e+02 -1.61465000e+02 -1.70945000e+02
  2.06250000e+02 -2.29465000e+02  5.23300000e+01 -1.93610000e+02
 -6.41850000e+01 -2.36585000e+02  1.62750000e+01 -1.02550000e+02
 -1.22000000e+01  1.34525000e+02  2.33400000e+02 -3.36795000e+02
 -5.82435000e+02  5.89900000e+01  5.16800000e+01 -9.58350000e+01
 -7.84050000e+01 -1.69515000e+02 -1.95430000e+02  2.08085000e+02
 -3.27020000e+02  5.46495000e+02  3.40150000e+01 -1.65785000e+02
 -2.43300000e+01 -8.31850000e+01 -1.85050000e+02 -1.74135000e+02
  7.45000000e-01  2.55500000e+00 -6.93535000e+02  1.65590000e+02
 -8.81950000e+01 -2.47970000e+02  5.73800000e+01 -1.12270000e+02
  5.00695000e+02 -2.32825000e+02  1.55885000e+02  2.52910000e+02
  4.01090000e+02 -3.16745000e+02  1.47480000e+02 -1.78550000e+02
 -2.04725000e+02  3.01530000e+02 -2.73720000e+02  3.10010000e+02
 -1.62445000e+02 -2.72095000e+02 -9.98700000e+01 -1.20630000e+02
 -1.03415000e+02  4.64320000e+02 -8.72300000e+01  1.54380000e+02
  3.58660000e+02  2.33300000e+01  7.83295000e+02 -5.54465000e+02
  4.22980000e+02 -7.53550000e+01  4.95400000e+01 -3.09150000e+01
  7.22000000e+00 -8.41700000e+01  4.50220000e+02 -6.74485000e+02
  3.11535000e+02 -7.78500000e+01 -1.83650000e+01 -1.77135000e+02
 -2.70960000e+02 -2.81965000e+02  3.46900000e+01  1.33880000e+02
  4.31950000e+01  2.16000000e+01  6.49350000e+01  4.59185000e+02
 -3.22820000e+02  1.13795000e+02  5.18650000e+01 -1.58030000e+02
  1.83600000e+01 -5.34500000e+01 -1.39320000e+02 -5.65000000e+01
  3.09175000e+02  7.56600000e+01 -3.44525000e+02  1.96965000e+02
 -1.93495000e+02  2.08650000e+01  7.88450000e+01  6.94995000e+02
  3.34530000e+02 -2.61800000e+02 -1.07585000e+02  3.25300000e+01
  1.01080000e+02  2.53420000e+02  1.78665000e+02  4.37995000e+02
  1.53300000e+02 -1.68460000e+02 -3.49810000e+02  1.00895000e+02
 -3.75230000e+02  1.26905000e+02  2.26995000e+02  9.58900000e+01
  1.12400000e+01 -3.49820000e+02 -1.26895000e+02  6.07000000e+00
 -1.41260000e+02  9.64500000e+01  3.94200000e+01  7.74050000e+01
  1.25765000e+02 -1.60495000e+02 -2.25000000e+00 -8.25300000e+01
  3.79000000e+00 -4.72060000e+02 -3.64050000e+02  2.04700000e+01
 -2.87000000e+00 -8.82750000e+01 -3.77250000e+01  1.42945000e+02
 -9.02500000e+00  9.26350000e+01  2.07845000e+02  1.87700000e+01
  5.14100000e+01  4.55040000e+02 -3.01500000e+01  2.19500000e+01
 -1.17345000e+02  1.45860000e+02 -1.79935000e+02  2.08350000e+02
 -2.25760000e+02  3.90535000e+02 -3.03655000e+02 -1.79200000e+01
 -1.19715000e+02  5.19980000e+02  4.31695000e+02 -5.53575000e+02
 -2.95625000e+02  1.28065000e+02 -2.14810000e+02 -6.29300000e+01
 -5.92780000e+02  4.56300000e+01  3.16900000e+01  1.22430000e+02
 -1.30785000e+02 -7.87150000e+01 -9.85000000e+01  4.65900000e+02
  3.36050000e+02 -1.14935000e+02 -1.40390000e+02 -2.77250000e+01
 -3.01190000e+02 -1.05374000e+03 -1.06260000e+02 -4.08065000e+02
 -1.74260000e+02  4.30185000e+02 -1.29035000e+02 -4.38850000e+02
 -1.18980000e+02  7.26285000e+02 -7.27400000e+01  4.49640000e+02
  3.79940000e+02 -1.96465000e+02  4.64405000e+02 -6.47100000e+01
  1.15112000e+03 -2.56900000e+01 -1.81595000e+02  6.00500000e+02
 -5.43500000e+00 -3.59500000e+01  3.29680000e+02  3.60105000e+02
  1.13206500e+03 -4.82790000e+02  5.40230000e+02 -9.25625000e+02
 -1.77810000e+02  1.10975000e+02  3.27985000e+02 -6.66865000e+02
 -1.59530000e+02 -4.57585000e+02  3.37600000e+01  2.41235000e+02
 -3.05960000e+02  3.94950000e+02  4.17065000e+02 -4.01215000e+02
  1.33295000e+02 -3.98150000e+02  2.72275000e+02  3.67235000e+02
 -3.26020000e+02 -2.78510000e+02  6.13450000e+01  6.00845000e+02
  3.47785000e+02  2.32460000e+02 -4.96100000e+02 -4.82845000e+02
  4.33830000e+02  2.98125000e+02 -3.00965000e+02  3.98835000e+02
 -4.67435000e+02 -2.64200000e+01 -3.27130000e+02 -3.14485000e+02
  1.95030000e+02 -5.29650000e+01 -1.26390000e+02 -7.75635000e+02
 -9.72750000e+01  1.88790000e+02  5.02820000e+02  3.54485000e+02
  3.31610000e+02  2.41005000e+02 -2.68625000e+02 -2.35300000e+02
 -1.78630000e+02  5.35245000e+02  3.23325000e+02 -2.42410000e+02
 -6.10750000e+01  3.03780000e+02 -4.17075000e+02 -2.89500000e+02
 -2.04540000e+02 -1.35080000e+02  2.24580000e+02 -1.58595000e+02
 -2.47945000e+02 -5.60950000e+01  4.76100000e+01 -1.50885000e+02
 -3.06620000e+02  7.56340000e+02 -2.77540000e+02  2.12650000e+02
  7.74650000e+01]
[-128.01531877  489.49466928  -11.29164677 ...  260.61127527  -33.7643488
  312.76747145]
