[42913.52925 43671.28515 43234.4795  45592.7646  45228.3096  45116.15525
 44206.8096  42560.13965 41283.335   42395.13965 41733.19535 40614.44435
 38152.2461  37523.      37804.6904  35222.28025 30789.9502  31866.9702
 29275.62015 24906.6499  27949.9404  28716.7798  27648.335   25940.79005
 25028.3247  27300.02    27739.02975 30399.8252  30631.10985 29370.12985
 28691.66505 30738.56985 28290.19485 26341.8452  25740.5249  26086.4951
 27136.62985 26930.1748  25785.7695  25808.7603  24853.6103  23967.525
 24593.3696  26205.9502  27175.38475 27721.12505 29176.89445 30020.1396
 31262.5952  30332.5654  30531.7803  33674.1904  34052.68065 34117.6958
 34255.2002  36420.0342  37115.55475 37202.11525 36444.2705  35501.9004
 36996.43945 36352.8652  35429.54495 36457.5195  38799.69435 40450.55475
 41237.8799  41362.81905 41646.3457  40535.33105 40864.03515 40243.6709
 39710.0146  41977.9404  42326.09535 43214.1094  41942.8056  41106.79105
 42844.63965 43641.7002  44279.6299  43875.16505 42954.8301  43916.42575
 45182.97065 45678.0644  45168.3546  43763.76955 44798.78515 43640.36035
 43350.3145  42377.7701  43145.07525 44428.83985 44587.91995 43252.4995
 41855.5342  40487.3799  40720.7607  39364.7148  40764.41405 40622.62985
 41491.18985 41960.3906  42514.99995 42392.74905 42377.06545 41928.261
 43211.1396  44401.6501  43700.84965 42951.5303  42061.875   41151.63965
 40170.36425 40135.41505 39017.0752  38857.57485 39420.13085 38838.60935
 40149.2656  41175.376   41429.44435 39816.0859  40399.0498  41015.6143
 40474.3457  41859.7852  42465.6201  43180.46975 42720.5449  42112.9199
 41627.9453  41251.25    41754.8203  42556.8252  43335.89505 43929.46975
 44484.2959  45183.84005 46094.11    47220.745   47179.62    47056.52
 46977.375   49489.53    49023.995   47252.59    46503.685   45961.775
 46897.555   46510.76    46216.7     45799.66    45599.43565 46671.485
 47463.74    48424.71    48316.1     47717.99    47115.105   47019.085
 45862.63    46593.39    45733.67    46470.995   47170.6     46284.93
 44879.615   46026.44    46736.34    48362.05    48235.235   47714.285
 48175.74    47189.97    46448.115   46019.44    45988.48    45732.07
 46842.935   45394.79    44526.1     43784.245   43838.92    45049.27
 45268.855   43848.185   43832.225   44646.855   45031.765   42692.
 39239.365   40490.555   39141.85    39782.42    40717.49    39686.105
 38606.615   37722.25    35500.835   34416.01    35913.205   37230.57
 36538.405   38407.64    38999.735   39866.435   38570.315   37472.015
 35748.265   36735.28    38110.46    37507.13    36251.51    36726.97
 37105.395   37548.6     38182.495   38881.44    40788.325   41020.415
 41786.89    41771.935   42982.375   42758.09    43071.79    41968.34
 42424.07    42655.18    41623.59    41491.09    41116.91    40714.635
 41589.49    41540.925   42130.385   41387.265   40068.65    38356.885
 37696.605   37387.855   36735.71    37661.105   38176.19    38738.35
 38082.705   39176.62    39078.335   38345.08    38859.415   37937.85
 39298.775   39914.52    40396.905   40207.305   39987.14    39588.825
 38901.33    39136.82    40647.99    41372.84    41139.39    41815.635
 41752.235   42433.83    43029.105   43333.83    43611.96    43599.91
 42590.175   42629.66    43640.69    43802.9     44127.85    44793.72
 45083.795   45184.125   45770.78    46567.15    46717.085   46968.655
 47267.735   47423.78    47164.78    46568.315   46591.41    45494.79
 45635.81    45725.29    45612.145   44299.635   44553.65    44676.165
 43847.94    43775.185   43541.05    44746.64    45620.77    46353.755
 46277.135   46591.1     45394.02    44883.62    43705.63    42351.125
 41464.89    40173.325   41252.345   41395.6     42655.735   42873.115
 43597.29    43840.405   44148.      43811.425   44924.02    43726.345
 43361.64    44491.305   45707.345   46165.44    46751.52    46265.62
 46184.44    46193.115   46681.93    46617.165   45660.7     46489.435
 45780.415   45570.295   47333.99    47455.785   47810.62    47472.
 46915.785   46450.325   46017.64    46616.36    45591.06    45702.835
 46036.295   45289.16    43756.585   43015.315   44180.955   45097.555
 44995.01    45290.93    45248.075   43893.325   42990.6     43280.02
 44181.975   45078.59    45608.08    45755.585   45312.945   44477.58
 43862.455   44784.455   45435.18    45980.655   46264.715   46372.545
 46357.515   46464.905   46107.71    46368.02    47149.815   46577.675
 46936.54    47436.085   48863.84    49334.6     48949.045   49629.355
 50144.22    50222.965   49603.75    50352.065   49350.845   48664.195
 47896.065   46404.96    46480.56    46117.61    46065.375   46591.865
 47324.605   47783.885   47687.61    48042.325   47052.055   47913.245
 47194.485   47687.01    46226.82    45999.17    47130.705   47189.38
 47742.67    48275.38    48143.06    49754.805   49153.165   49585.885
 48950.455   49561.83    49609.945   49456.61    48088.02    47698.005
 48610.03    48939.58    50005.095   53684.765   55373.52    55554.32
 56562.425   56257.11    55313.18    55060.72    55289.75    56118.755
 55104.105   54516.985   53961.8     53598.89    54434.55    52656.715
 49661.275   49840.53    50595.955   50448.535   49186.845   48945.795
 48862.555   47946.48    45239.055   43368.4     42873.075   42310.345
 43323.94    43694.35    42241.99    43034.47    44851.845   45438.715
 46046.585   46300.995   45314.365   45609.255   44662.06    44790.64
 45318.135   44599.695   44432.01    43135.225   43135.46    43782.645
 44030.92    42508.27    40274.095   38965.665   38376.775   38256.445
 38673.535   37360.98    38429.78    38689.505   38797.14    40286.15
 40113.21    40908.65    41291.705   41264.7     40385.64    41446.255
 42697.64    42821.565   42569.13    40778.855   40127.09    39645.53
 39702.31    40969.74    41711.775   42200.41    40583.45    41181.975
 40290.995   41549.62    41613.81    42950.07    43632.87    44145.045
 43850.14    44630.215   45487.255   46068.735   45789.845   45894.76
 47100.915   47394.645   46721.705   47417.235   47037.825  ]
[    0.          0.          0.          0.          0.          0.
     0.          0.          0.          0.          0.          0.
  1135.2949  -1524.5097      0.          0.          0.       1883.1704
     0.        944.73        0.          0.          0.        942.43945
  -974.0249      0.          0.          0.          0.       1042.20995
     0.          0.          0.          0.          0.          0.
     0.          0.          0.          0.       1006.3701      0.
     0.          0.          0.          0.          0.          0.
     0.          0.          0.          0.          0.          0.
     0.       -996.4951      0.          0.          0.          0.
     0.          0.          0.          0.          0.          0.
     0.          0.          0.          0.          0.          0.
     0.          0.          0.          0.          0.          0.
     0.          0.          0.          0.          0.          0.
     0.          0.          0.          0.          0.          0.
     0.          0.          0.          0.          0.          0.
     0.          0.          0.          0.          0.          0.
     0.          0.          0.          0.          0.          0.
     0.          0.          0.          0.          0.          0.
     0.          0.          0.          0.          0.          0.
     0.          0.          0.          0.          0.          0.
     0.          0.          0.          0.          0.          0.
     0.          0.          0.          0.          0.          0.
     0.          0.          0.          0.          0.          0.
     0.          0.          0.          0.          0.          0.
     0.          0.          0.          0.          0.          0.
     0.          0.          0.          0.          0.          0.
     0.          0.          0.          0.          0.          0.
     0.          0.          0.          0.          0.          0.
     0.          0.          0.          0.          0.          0.
     0.          0.          0.          0.          0.          0.
     0.          0.          0.          0.          0.       1343.59
     0.          0.          0.          0.          0.          0.
     0.          0.          0.          0.          0.          0.
     0.          0.          0.          0.          0.          0.
     0.          0.          0.          0.          0.          0.
     0.          0.          0.          0.          0.          0.
     0.          0.          0.          0.          0.          0.
     0.          0.          0.          0.          0.          0.
     0.          0.          0.          0.          0.          0.
     0.          0.          0.          0.          0.          0.
     0.          0.          0.          0.          0.          0.
     0.          0.          0.          0.          0.          0.
     0.          0.          0.          0.          0.          0.
     0.          0.          0.          0.          0.          0.
     0.          0.          0.          0.          0.          0.
     0.          0.          0.          0.          0.          0.
     0.          0.          0.          0.          0.          0.
     0.          0.          0.          0.          0.          0.
     0.          0.          0.          0.          0.          0.
     0.          0.          0.          0.          0.          0.
     0.          0.          0.          0.          0.          0.
     0.          0.          0.          0.          0.          0.
     0.          0.          0.          0.          0.          0.
     0.          0.          0.          0.          0.          0.
     0.          0.          0.          0.          0.          0.
     0.          0.          0.          0.          0.          0.
     0.          0.          0.          0.          0.          0.
     0.          0.          0.          0.          0.          0.
     0.          0.          0.          0.          0.          0.
     0.          0.          0.          0.          0.          0.
     0.          0.          0.          0.          0.          0.
     0.          0.          0.          0.          0.          0.
     0.          0.          0.          0.          0.          0.
     0.          0.          0.          0.          0.          0.
     0.          0.          0.          0.          0.          0.
     0.          0.          0.          0.          0.          0.
     0.          0.          0.          0.          0.          0.
     0.          0.          0.          0.          0.          0.
     0.          0.          0.      -1063.245       0.          0.
     0.          0.          0.          0.          0.          0.
     0.          0.          0.          0.          0.          0.
  1814.475       0.          0.          0.          0.          0.
     0.          0.       1289.835       0.          0.       -990.205
     0.          0.          0.      -1065.6         0.          0.
     0.          0.          0.          0.          0.          0.
     0.          0.          0.          0.          0.          0.
     0.          0.          0.          0.          0.          0.
     0.          0.          0.          0.          0.          0.
     0.          0.          0.          0.          0.          0.
     0.          0.          0.          0.          0.          0.
     0.          0.          0.          0.          0.          0.
     0.          0.          0.          0.          0.          0.
     0.          0.          0.          0.          0.          0.
     0.          0.          0.          0.          0.     ]
[0. 0. 0. ... 0. 0. 0.]
