[43438.27145 44280.25005 43440.9444  45919.93065 45361.09865 45349.33495
 44599.9649  42854.7705  41872.29985 42829.7656  41841.94535 40827.49025
 38309.0303  38174.74025 38107.81935 35741.68455 31849.8447  32140.3652
 30062.02    26059.5947  28940.6748  29400.8848  28116.2652  26289.79005
 26108.0303  27797.2803  28290.9648  30979.20995 30854.9302  29732.0801
 29207.7046  30867.1397  28561.9097  26702.02    25976.33005 26402.165
 27497.33495 27107.41015 26049.6499  26121.12015 25340.3198  24154.74505
 24885.78465 26378.29005 27714.48485 27817.9053  29659.98975 30484.6499
 31572.1299  30573.3257  31018.3496  34105.33495 34463.88575 34607.91495
 34631.41505 37012.1094  37424.2109  37655.28515 36756.2959  36004.48435
 37299.8096  36716.72555 35559.9648  36870.9092  39287.1045  40828.35455
 41542.90435 41835.38585 41897.5     40849.5596  41071.1152  40281.2012
 40257.64455 42423.73045 42713.57    43471.6113  42190.8604  41437.7451
 43031.91505 43982.96485 44687.8652  44196.3301  43485.53025 44125.93455
 45467.69925 45789.665   45413.60075 44089.6602  44952.67475 44192.90035
 43443.5743  42669.66455 43427.71565 44692.3438  44801.6494  43552.5744
 42096.25485 40833.08985 41061.45015 39658.2842  40996.46975 40992.0849
 41662.9348  42047.24025 42582.15525 42597.16015 42463.0049  42348.45485
 43439.5606  44560.5     43839.88085 43136.18455 42266.9804  41353.83985
 40582.91895 40359.29495 39309.40925 39265.945   39581.6504  39210.71485
 40221.05075 41538.86035 41632.501   40151.33495 40571.125   41115.4951
 40808.60545 42009.6299  42638.0205  43384.3604  42869.74025 42472.9648
 41818.61525 41388.12015 42007.24415 42615.7051  43512.02455 44172.86425
 44686.84475 45399.61995 46323.465   47458.775   47431.145   47254.36
 47383.855   49716.88    49285.46    47530.7     46682.425   46410.325
 47136.98    46668.1     46274.725   46027.035   45862.935   47007.585
 47690.825   48629.25    48597.445   47984.73    47379.625   47129.745
 46168.805   46845.595   46286.02    46714.59    47488.155   46392.91
 45225.38    46170.52    47043.765   48662.015   48440.05    47970.8
 48324.17    47332.17    46618.565   46227.635   46094.085   46059.655
 47035.25    45504.34    44907.59    43895.8     44196.615   45170.2
 45439.26    43973.92    44057.465   44998.125   45313.43    42859.61
 39974.56    40771.405   39516.4     39991.83    40971.77    40022.865
 38737.16    37811.56    35892.85    34573.14    36264.      37372.13
 36766.845   39026.94    39570.605   40023.335   38733.08    37648.525
 36072.2     36855.25    38310.895   37681.65    36546.425   36884.325
 37211.505   37730.405   38377.94    39197.2     40861.995   41279.275
 41986.895   42161.68    43052.565   43028.095   43282.105   42197.54
 42722.89    42722.075   41745.515   41669.695   41311.11    40946.765
 41805.9     41660.74    42338.82    41432.065   40213.095   38523.375
 37821.375   37735.905   36954.82    37774.09    38399.89    38817.93
 38292.44    39490.21    39267.025   38630.95    38984.015   38171.445
 39559.705   40035.5     40505.18    40271.82    40100.875   39658.265
 39032.64    39441.385   40835.775   41616.555   41482.915   41932.06
 42015.035   42560.41    43349.75    43412.17    43886.015   43753.025
 42798.45    42758.425   43843.84    44007.695   44427.24    44920.955
 45267.02    45261.61    46061.395   46636.115   46961.145   47070.525
 47375.8     47579.23    47235.22    46740.68    46634.395   45575.875
 45787.685   46059.675   45809.345   44555.23    44729.395   44798.93
 44020.91    43898.11    43926.195   45010.15    45717.745   46506.51
 46359.025   46752.68    45657.58    45053.71    43834.395   42569.35
 41779.91    40580.54    41472.685   41686.46    42905.875   42928.335
 43965.25    44104.38    44239.6     44221.895   45196.375   44067.31
 43556.995   44909.09    45830.94    46260.025   46780.035   46416.55
 46342.98    46357.525   46741.89    46701.775   45991.96    46623.59
 46040.415   45746.405   47534.4     47601.58    48007.205   47679.315
 47081.71    46565.585   46210.39    46649.01    45818.23    45946.305
 46288.725   45458.705   43953.295   43198.405   44522.135   45314.58
 45115.72    45693.02    45406.34    44021.525   43116.345   43601.015
 44386.585   45200.795   45988.615   45935.32    45393.79    44727.605
 44031.265   45146.44    45633.49    46067.585   46460.155   46426.585
 46638.46    46591.39    46282.065   46699.08    47182.825   46728.26
 47051.185   47713.63    49163.755   49497.485   49128.175   49786.75
 50256.26    50362.54    49789.12    50668.895   49462.785   48795.365
 48084.555   46700.85    46954.93    46579.22    46355.605   46742.965
 47657.365   47886.22    47936.455   48197.345   47238.795   48228.49
 47641.355   47975.085   46420.37    46165.055   47318.655   47554.84
 47972.5     48601.45    48504.88    49895.84    49310.      49686.955
 49176.28    49707.69    49889.135   49541.13    48276.24    47937.74
 48897.65    49122.865   50229.705   54787.97    55740.19    55979.12
 56839.72    56516.46    55394.01    55321.765   55585.015   56252.89
 55495.585   54757.185   54186.13    53966.465   54621.745   52982.115
 50403.96    50380.665   50931.215   50545.655   49599.94    49081.21
 49246.43    48117.555   45396.5     43972.84    42974.595   43244.27
 43704.755   44072.6     42419.105   43310.065   45351.92    45746.895
 46124.28    46371.15    45746.015   45804.405   45053.57    45098.095
 45418.585   44895.825   44569.27    43431.05    43588.34    44031.305
 44130.45    42636.82    40515.39    39405.025   38606.78    38624.32
 38885.305   37722.39    38673.815   38810.555   39146.275   40375.905
 40470.195   41028.535   41365.205   41432.89    40651.33    41889.875
 42753.46    42990.51    42696.87    40898.135   40312.315   39930.91
 40079.59    41382.6     41932.865   42319.455   40835.47    41481.685
 41008.06    41750.045   41801.1     43291.93    43877.1     44432.12
 44079.17    44905.68    45783.475   46191.14    45965.26    46126.19
 47306.66    47785.355   47012.495   47598.94    47289.325  ]
[ 0.0000000e+00  0.0000000e+00  0.0000000e+00  0.0000000e+00
  0.0000000e+00  0.0000000e+00  0.0000000e+00  0.0000000e+00
  0.0000000e+00  0.0000000e+00  0.0000000e+00  0.0000000e+00
  1.0713408e+03 -9.9703905e+02  0.0000000e+00  0.0000000e+00
 -1.8189894e-12  1.6097754e+03  8.6807960e+02  0.0000000e+00
  0.0000000e+00  0.0000000e+00  9.9362450e+02  8.1190035e+02
  0.0000000e+00  0.0000000e+00  0.0000000e+00  0.0000000e+00
  0.0000000e+00  9.3962990e+02  0.0000000e+00  0.0000000e+00
  0.0000000e+00  0.0000000e+00  0.0000000e+00  0.0000000e+00
  0.0000000e+00  0.0000000e+00  0.0000000e+00  0.0000000e+00
  0.0000000e+00  0.0000000e+00  0.0000000e+00  0.0000000e+00
  0.0000000e+00  0.0000000e+00  0.0000000e+00  0.0000000e+00
  0.0000000e+00  0.0000000e+00 -9.5605950e+02  0.0000000e+00
  0.0000000e+00  0.0000000e+00  0.0000000e+00 -8.0030080e+02
  0.0000000e+00  0.0000000e+00  0.0000000e+00  0.0000000e+00
  0.0000000e+00  0.0000000e+00  0.0000000e+00  0.0000000e+00
  0.0000000e+00  0.0000000e+00  0.0000000e+00  0.0000000e+00
  0.0000000e+00  0.0000000e+00  0.0000000e+00  0.0000000e+00
 -8.2354495e+02  0.0000000e+00  0.0000000e+00  0.0000000e+00
  0.0000000e+00  0.0000000e+00  0.0000000e+00  0.0000000e+00
  0.0000000e+00  0.0000000e+00  0.0000000e+00  0.0000000e+00
  0.0000000e+00  0.0000000e+00  0.0000000e+00  0.0000000e+00
  0.0000000e+00  0.0000000e+00  0.0000000e+00  0.0000000e+00
  0.0000000e+00  0.0000000e+00  0.0000000e+00  0.0000000e+00
  0.0000000e+00  0.0000000e+00  0.0000000e+00  0.0000000e+00
  0.0000000e+00  0.0000000e+00  0.0000000e+00  0.0000000e+00
  0.0000000e+00  0.0000000e+00  0.0000000e+00  0.0000000e+00
  0.0000000e+00  0.0000000e+00  0.0000000e+00  0.0000000e+00
  0.0000000e+00  0.0000000e+00  0.0000000e+00  0.0000000e+00
  0.0000000e+00  0.0000000e+00  0.0000000e+00  0.0000000e+00
  0.0000000e+00  0.0000000e+00  0.0000000e+00  0.0000000e+00
  0.0000000e+00  0.0000000e+00  0.0000000e+00  0.0000000e+00
  0.0000000e+00  0.0000000e+00  0.0000000e+00  0.0000000e+00
  0.0000000e+00  0.0000000e+00  0.0000000e+00  0.0000000e+00
  0.0000000e+00  0.0000000e+00  0.0000000e+00  0.0000000e+00
  0.0000000e+00  0.0000000e+00  0.0000000e+00  0.0000000e+00
  0.0000000e+00  0.0000000e+00  0.0000000e+00  0.0000000e+00
  0.0000000e+00  0.0000000e+00  0.0000000e+00  0.0000000e+00
  0.0000000e+00  0.0000000e+00  0.0000000e+00  0.0000000e+00
  0.0000000e+00  0.0000000e+00  0.0000000e+00  0.0000000e+00
  0.0000000e+00  0.0000000e+00  0.0000000e+00  0.0000000e+00
  0.0000000e+00  0.0000000e+00  0.0000000e+00  0.0000000e+00
  0.0000000e+00  0.0000000e+00  0.0000000e+00  0.0000000e+00
  0.0000000e+00  0.0000000e+00  0.0000000e+00  0.0000000e+00
  0.0000000e+00  0.0000000e+00  0.0000000e+00  0.0000000e+00
  0.0000000e+00  0.0000000e+00  0.0000000e+00  0.0000000e+00
  0.0000000e+00  0.0000000e+00  0.0000000e+00  0.0000000e+00
  0.0000000e+00  0.0000000e+00  0.0000000e+00  1.2693800e+03
  0.0000000e+00  0.0000000e+00  0.0000000e+00  0.0000000e+00
  0.0000000e+00  0.0000000e+00  0.0000000e+00  0.0000000e+00
  0.0000000e+00  0.0000000e+00  0.0000000e+00  0.0000000e+00
  0.0000000e+00 -9.3863000e+02  0.0000000e+00  0.0000000e+00
  0.0000000e+00  7.9354500e+02  0.0000000e+00  0.0000000e+00
  0.0000000e+00  0.0000000e+00  0.0000000e+00  0.0000000e+00
  0.0000000e+00  0.0000000e+00  0.0000000e+00  0.0000000e+00
  0.0000000e+00  0.0000000e+00  0.0000000e+00  0.0000000e+00
  0.0000000e+00  0.0000000e+00  0.0000000e+00  0.0000000e+00
  0.0000000e+00  0.0000000e+00  0.0000000e+00  0.0000000e+00
  0.0000000e+00  0.0000000e+00  0.0000000e+00  0.0000000e+00
  0.0000000e+00  0.0000000e+00  0.0000000e+00  0.0000000e+00
  0.0000000e+00  0.0000000e+00  0.0000000e+00  0.0000000e+00
  0.0000000e+00  0.0000000e+00  0.0000000e+00  0.0000000e+00
  0.0000000e+00  0.0000000e+00  0.0000000e+00  0.0000000e+00
  0.0000000e+00  0.0000000e+00  0.0000000e+00  0.0000000e+00
  0.0000000e+00  0.0000000e+00  0.0000000e+00  0.0000000e+00
  0.0000000e+00  0.0000000e+00  0.0000000e+00  0.0000000e+00
  0.0000000e+00  0.0000000e+00  0.0000000e+00  0.0000000e+00
  0.0000000e+00  0.0000000e+00  0.0000000e+00  0.0000000e+00
  0.0000000e+00  0.0000000e+00  0.0000000e+00  0.0000000e+00
  0.0000000e+00  0.0000000e+00  0.0000000e+00  0.0000000e+00
  0.0000000e+00  0.0000000e+00  0.0000000e+00  0.0000000e+00
  0.0000000e+00  0.0000000e+00  0.0000000e+00  0.0000000e+00
  0.0000000e+00  0.0000000e+00  0.0000000e+00  0.0000000e+00
  0.0000000e+00  0.0000000e+00  0.0000000e+00  0.0000000e+00
  0.0000000e+00  0.0000000e+00  0.0000000e+00  0.0000000e+00
  0.0000000e+00  0.0000000e+00  0.0000000e+00  0.0000000e+00
  0.0000000e+00  0.0000000e+00  0.0000000e+00  0.0000000e+00
  0.0000000e+00  0.0000000e+00  0.0000000e+00  0.0000000e+00
  0.0000000e+00  0.0000000e+00  0.0000000e+00  0.0000000e+00
  0.0000000e+00  0.0000000e+00  0.0000000e+00  0.0000000e+00
  0.0000000e+00  0.0000000e+00  0.0000000e+00  0.0000000e+00
  0.0000000e+00  0.0000000e+00  0.0000000e+00  0.0000000e+00
  0.0000000e+00  0.0000000e+00  0.0000000e+00  0.0000000e+00
  0.0000000e+00  0.0000000e+00  0.0000000e+00  0.0000000e+00
  0.0000000e+00  0.0000000e+00  0.0000000e+00  0.0000000e+00
  0.0000000e+00  0.0000000e+00  0.0000000e+00  0.0000000e+00
  0.0000000e+00  0.0000000e+00  0.0000000e+00  0.0000000e+00
  0.0000000e+00  0.0000000e+00  0.0000000e+00  0.0000000e+00
  0.0000000e+00  0.0000000e+00  0.0000000e+00  0.0000000e+00
  0.0000000e+00  0.0000000e+00  0.0000000e+00  0.0000000e+00
  0.0000000e+00  0.0000000e+00  0.0000000e+00  0.0000000e+00
  0.0000000e+00  0.0000000e+00  0.0000000e+00  0.0000000e+00
  0.0000000e+00  0.0000000e+00  0.0000000e+00  0.0000000e+00
  0.0000000e+00  0.0000000e+00  0.0000000e+00  0.0000000e+00
  0.0000000e+00  0.0000000e+00  0.0000000e+00  0.0000000e+00
  0.0000000e+00  0.0000000e+00  0.0000000e+00  0.0000000e+00
  0.0000000e+00  0.0000000e+00  0.0000000e+00  0.0000000e+00
  0.0000000e+00  0.0000000e+00  0.0000000e+00  0.0000000e+00
  0.0000000e+00  0.0000000e+00  0.0000000e+00  0.0000000e+00
  0.0000000e+00  0.0000000e+00  0.0000000e+00  0.0000000e+00
  0.0000000e+00  0.0000000e+00  0.0000000e+00  0.0000000e+00
  0.0000000e+00  0.0000000e+00  0.0000000e+00  0.0000000e+00
  0.0000000e+00  0.0000000e+00  0.0000000e+00  0.0000000e+00
  0.0000000e+00  0.0000000e+00  0.0000000e+00  0.0000000e+00
  0.0000000e+00  0.0000000e+00  0.0000000e+00  0.0000000e+00
  0.0000000e+00  0.0000000e+00  0.0000000e+00  0.0000000e+00
  0.0000000e+00  0.0000000e+00  0.0000000e+00  0.0000000e+00
  0.0000000e+00  0.0000000e+00  0.0000000e+00  0.0000000e+00
  1.2969100e+03  0.0000000e+00  0.0000000e+00  0.0000000e+00
  0.0000000e+00  0.0000000e+00  0.0000000e+00  0.0000000e+00
  1.2242600e+03  0.0000000e+00  0.0000000e+00  0.0000000e+00
  0.0000000e+00  0.0000000e+00  0.0000000e+00 -8.3987500e+02
  0.0000000e+00  0.0000000e+00  0.0000000e+00  0.0000000e+00
  0.0000000e+00  0.0000000e+00  0.0000000e+00  0.0000000e+00
  0.0000000e+00  0.0000000e+00  0.0000000e+00  0.0000000e+00
  0.0000000e+00  0.0000000e+00  0.0000000e+00  0.0000000e+00
  0.0000000e+00  0.0000000e+00  0.0000000e+00  0.0000000e+00
  0.0000000e+00  0.0000000e+00  0.0000000e+00  0.0000000e+00
  0.0000000e+00  0.0000000e+00  0.0000000e+00  0.0000000e+00
  0.0000000e+00  0.0000000e+00  0.0000000e+00 -7.9249500e+02
  0.0000000e+00  0.0000000e+00  0.0000000e+00  0.0000000e+00
  0.0000000e+00  0.0000000e+00  0.0000000e+00  0.0000000e+00
  0.0000000e+00  0.0000000e+00  0.0000000e+00  0.0000000e+00
  0.0000000e+00  0.0000000e+00  0.0000000e+00  0.0000000e+00
  0.0000000e+00  0.0000000e+00  0.0000000e+00  0.0000000e+00
  0.0000000e+00  0.0000000e+00  0.0000000e+00  0.0000000e+00
  0.0000000e+00  0.0000000e+00  0.0000000e+00  0.0000000e+00
  0.0000000e+00]
[0. 0. 0. ... 0. 0. 0.]
