[42504.97945 43331.73925 42707.70015 45390.9043  44911.79005 44533.6963
 43553.05465 42039.0352  40981.5596  41985.6904  41161.49025 40298.85545
 37017.19925 36441.1743  37014.7295  34775.19435 30067.88525 30856.38475
 28508.81005 23381.27535 27461.5952  28075.4101  26994.9952  25334.66505
 24906.0449  26943.62985 27496.605   29740.21535 30153.84525 28789.06005
 28435.5205  29903.5703  27755.9751  25965.625   25337.6694  25668.62985
 26783.10495 26554.21925 25551.94535 25481.52005 24413.0049  23486.2649
 24336.1304  25821.9448  26963.1299  27104.62015 28933.9849  29643.1445
 30763.1699  29779.685   30119.31495 33207.34475 33688.81935 33904.66925
 33839.8105  35948.83005 36630.0059  36620.334   35891.3154  35263.1357
 36623.32515 35833.65035 34917.20505 36186.26465 38447.59475 39854.1758
 40813.585   40911.85495 41268.79    39997.7842  40490.81935 39739.1894
 39571.6797  41721.81545 42114.2101  42994.64945 41577.2304  40965.6357
 42520.74505 43402.56545 44112.835   43649.42485 42717.69535 43647.7099
 44934.9043  45203.6494  44665.02495 43373.1397  44442.8291  43283.6045
 42797.30465 42168.17905 42887.2996  44061.61525 44230.63575 42972.3703
 41336.28515 40028.3203  40329.4248  39110.835   40580.37015 40329.4258
 41265.05055 41578.3194  42230.4599  42198.8994  42051.5508  41833.50495
 43082.1846  44082.76515 43346.43165 42701.96095 41880.68555 40849.5908
 39857.8447  39835.33005 38633.7402  38679.9544  39119.2305  38723.13475
 39953.8848  41097.64065 41076.11525 39672.8955  40143.68945 40645.4902
 40401.34085 41640.80085 42273.9004  42984.2998  42312.4805  41944.4795
 41438.9941  41080.49025 41675.0791  42297.74515 43105.3999  43780.18945
 44320.2598  45060.62985 45946.215   46883.86    46887.695   46675.32
 46749.685   49249.325   48558.05    46675.49    46149.795   45627.455
 46495.4     46140.4     45661.73    45461.45    45430.1199  46528.925
 47173.22    48175.775   48076.185   47459.03    46980.125   46361.855
 45518.21    46389.335   45506.205   46315.755   46938.71    45489.975
 44723.24    45813.105   46535.53    48233.48    47960.58    47411.25
 47730.99    46815.665   46221.885   45758.855   45750.74    45630.91
 46556.65    45004.045   44328.585   43315.5     43628.505   44816.21
 45009.15    43444.8     43534.04    44590.32    44796.575   42148.04
 38692.59    40124.4     38599.045   39504.66    40244.17    39342.065
 38003.455   37083.51    34992.98    33619.51    35394.74    36729.985
 36173.845   38262.605   38594.17    39524.995   38355.2     36939.8
 35563.565   36368.615   37839.66    37136.805   36011.47    36538.44
 36947.9     37110.32    37982.92    38756.215   40379.235   40846.62
 41412.985   41562.335   42577.055   42498.335   42835.06    41611.51
 42183.19    42138.815   41367.715   41297.785   40853.715   40631.07
 41378.795   41209.22    41964.67    41097.995   39674.225   37869.96
 37447.985   37195.205   36543.9     37320.77    37961.845   38511.735
 37831.645   38939.775   38846.69    38124.76    38513.06    37760.295
 39197.995   39691.43    40163.165   39947.36    39804.16    39386.29
 38684.08    38992.215   40536.41    41216.67    41062.135   41642.565
 41657.585   42300.545   42981.845   42987.06    43506.65    43264.78
 42420.415   42341.895   43444.34    43525.465   43947.98    44636.73
 44931.035   45005.21    45645.015   46328.29    46488.39    46706.22
 47034.27    47329.155   46758.4     46410.26    46220.33    45204.16
 45296.65    45612.755   45083.045   44091.89    44344.41    44161.35
 43664.7     43405.47    43311.77    44597.575   45382.715   46141.385
 45897.865   46235.82    45093.765   44532.595   43368.525   41961.34
 41117.865   39736.175   40780.815   41088.835   42417.44    42520.12
 43496.1     43713.02    43854.78    43675.035   44539.675   43411.99
 43170.34    44434.585   45475.185   46000.74    46471.55    46081.505
 45970.21    45920.38    46347.47    46176.515   45545.215   46186.14
 45574.665   45299.795   47105.27    47312.255   47610.87    47277.72
 46590.57    45893.6     45866.775   46203.215   45350.105   45476.805
 45828.465   44976.345   43568.485   42739.845   43988.16    44866.41
 44610.585   45081.665   44964.705   43638.55    42757.68    43166.02
 43970.1     44873.285   45365.89    45427.775   44907.43    44221.93
 43498.735   44529.3     45259.62    45796.055   46023.005   46083.665
 46197.38    46305.275   45811.08    46145.485   46940.77    46364.57
 46745.495   47317.805   48717.4     49099.88    48721.97    49379.11
 49813.6     49962.615   49291.155   50095.35    49029.8     48358.14
 47659.28    46036.02    46410.215   45988.135   45887.005   46292.725
 47177.595   47468.745   47348.09    47543.83    46859.415   47729.5
 46723.905   47265.375   45948.39    45786.03    46848.465   47033.935
 47407.79    48060.525   47896.79    49438.88    48813.055   49190.275
 48718.475   49405.885   49445.15    48975.905   47804.955   47500.97
 48487.695   48746.59    49840.285   53244.57    54996.875   54947.905
 56145.23    55591.84    54776.265   54567.315   55040.685   55358.815
 54596.71    53908.565   53610.755   53332.65    53972.265   51786.09
 47869.645   49466.74    50333.325   49891.685   48765.495   48596.04
 48355.435   47491.185   44535.795   42459.135   42028.635   42063.355
 42966.77    43442.82    41694.11    42636.205   44510.835   45196.75
 45786.13    45843.57    45121.44    45390.74    44528.135   44617.635
 44971.445   44235.295   44200.835   42937.385   43081.425   43683.555
 43747.185   41797.39    39867.76    38704.62    37714.85    37927.99
 38389.375   37312.115   38180.265   38315.18    38534.28    39883.705
 39962.235   40686.975   40988.75    40967.925   40214.05    41315.815
 42299.7     42512.73    42112.3     40469.355   39714.79    39474.625
 39625.88    40811.985   41561.34    41891.21    40287.56    41037.205
 39873.995   41248.42    41421.265   42827.105   43495.35    43910.58
 43685.9     44511.66    45335.43    45709.98    45559.605   45722.4
 46963.69    47032.705   46571.09    47012.29    46756.42   ]
[ 3.44045000e+00 -3.00899450e+02 -6.41719750e+02 -5.42753900e+02
  2.49520550e+02  3.69344700e+02  5.28242500e+01  2.93355500e+02
 -1.08401400e+02 -9.53291000e+01  2.78249950e+02  4.75253500e+01
  1.36081055e+03 -1.56934520e+03  7.18280300e+02  3.01934550e+02
  9.14705650e+02  1.72363475e+03  1.06705025e+03 -8.66054500e+01
 -6.63734900e+02  3.48700200e+02  5.58024400e+02  6.19254850e+02
 -8.51745100e+02 -6.04101500e+01 -4.63564900e+02 -7.67456500e+01
 -3.26694850e+02  8.48310050e+02 -2.78750000e+02  5.92679700e+02
  4.36475100e+02  5.18750000e+01 -2.41439900e+02 -3.57099500e+01
 -4.41845250e+02 -1.71498500e+01  9.42949500e+01 -6.87202500e+01
  6.83665100e+02  5.98804900e+02 -5.83020000e+02  7.69448000e+01
 -4.23419900e+02  2.64520550e+02 -5.88234900e+02 -7.10634700e+02
  3.14620100e+02 -8.15054000e+01 -9.40024850e+02 -6.43454050e+02
  2.51680650e+02 -8.34129550e+02  7.30996000e+01 -7.67199250e+02
 -1.29043000e+01 -6.51724600e+02  4.01725600e+02  4.03114300e+02
 -1.93245150e+02  1.14259750e+02  8.56933500e+01 -5.74735350e+02
 -1.91825150e+02 -4.28555000e+01 -3.84213900e+02 -1.35334550e+02
 -1.17690400e+02 -2.34053000e+01 -5.44306500e+01  4.12849600e+02
 -6.18929700e+02 -2.79254850e+02 -4.72690300e+02 -2.13701500e+01
  1.52599600e+02  1.50934600e+02 -1.63735350e+02 -4.68084950e+02
 -9.05947000e+01  7.74764650e+02  1.33615250e+02 -4.94149400e+02
 -1.79775400e+02  2.40110300e+02  2.20694850e+02 -6.82960000e+02
  1.31700200e+02 -5.97549000e+01  5.00205050e+02 -2.06129550e+02
 -2.02898000e+01 -3.85125050e+02  3.49485350e+02  3.15800000e+02
  6.63255850e+02 -5.81699000e+01 -3.02215800e+02 -3.19033000e+01
 -2.72290050e+02 -1.41724600e+02 -4.35490450e+02 -1.57379900e+02
  5.45596000e+01 -2.47899400e+02  1.05939500e+02 -4.94575250e+02
 -4.78735300e+02  1.29448500e+01  5.55660150e+02 -1.92402500e+01
  1.97195350e+02  6.67870100e+02 -1.22745100e+02  5.69439450e+02
  1.88941400e+02 -6.60735700e+02 -2.83750000e+02 -1.78365250e+02
 -9.56152000e+01 -3.87890650e+02  1.97964850e+02  1.01594700e+02
 -3.41449150e+02  2.45740200e+02 -3.17739250e+02 -8.54101500e+01
 -3.57339800e+02 -9.45595000e+01  3.73490200e+02 -4.75205000e+01
  2.74945300e+02  3.93906500e+01 -3.25600600e+02  8.22041500e+01
 -5.33804000e+01 -1.92099650e+02 -7.09609000e+01 -3.15840150e+02
 -2.61015000e+02 -2.33890000e+02 -2.88950000e+01  3.90170000e+02
 -5.02185000e+02 -1.70495000e+02  3.68130000e+02  9.58700000e+01
  1.40725000e+02 -5.91950000e+01  1.79880000e+02 -5.89000000e+01
  5.43160000e+02 -3.97170000e+02 -1.24240100e+02 -4.58905000e+02
  1.79200000e+02 -1.10155000e+02  2.72035000e+02  6.21500000e+01
 -1.14105000e+02  5.65115000e+02 -1.71960000e+02  6.43500000e+00
 -9.31250000e+01 -1.55995000e+02 -4.01940000e+02  6.94955000e+02
 -3.26280000e+02 -2.07415000e+02 -3.89270000e+02 -2.13870000e+02
  2.06020000e+02  2.60260000e+02  1.44730000e+02  4.17355000e+02
  2.92500000e+00  6.63650000e+01  4.28280000e+02 -3.15120000e+02
  4.13220000e+02  3.33165000e+02  1.26695000e+02 -1.78400000e+02
 -2.11905000e+02 -6.19540000e+02  2.39600000e+01 -7.76000000e+01
 -1.94950000e+02 -1.41320000e+02 -2.42345000e+02  1.46041000e+03
 -1.51820000e+02 -5.95300000e+01 -2.36985000e+02 -3.16260000e+02
  4.97730000e+02 -2.66375000e+02 -3.86365000e+02  5.25300000e+02
 -6.20030000e+02  5.99710000e+02 -4.51520000e+02  9.09150000e+01
 -1.87855000e+02 -7.56105000e+02  4.27760000e+02 -1.02115000e+02
 -3.81310000e+02  4.86610000e+02  2.92675000e+02 -3.60505000e+02
  1.15500000e+01  3.31025000e+02  1.64350000e+02 -2.39530000e+02
 -1.92120000e+02  3.00900000e+02 -1.41210000e+02 -5.97175000e+02
 -1.49765000e+02 -3.57840000e+02 -1.30585000e+02 -1.84585000e+02
 -3.78150000e+01  1.29415000e+02 -3.51600000e+01  4.08460000e+02
 -3.41150000e+02  2.76745000e+02  1.90105000e+02  3.96495000e+02
  1.52175000e+02 -4.57370000e+02 -2.70285000e+02 -5.07000000e+01
 -4.26130000e+02  4.41005000e+02  3.18865000e+02  4.50960000e+02
  2.16135000e+02  2.12615000e+02  1.60000000e-01 -2.35160000e+02
 -3.53255000e+02  2.77575000e+02 -1.19615000e+02 -3.26305000e+02
  2.65700000e+02 -9.38700000e+01  1.49600000e+01 -1.95385000e+02
 -1.00725000e+02 -2.58450000e+02  3.13350000e+01 -1.17700000e+01
  2.88400000e+01  1.06440000e+02  1.52730000e+02 -4.31185000e+02
 -5.30770000e+02 -3.90300000e+01  8.96950000e+01 -1.17225000e+02
  7.71750000e+01 -1.72505000e+02  1.73650000e+01  2.51320000e+02
 -5.03680000e+02  3.78690000e+02  1.00695000e+02 -1.00365000e+02
 -2.03080000e+02 -1.09855000e+02 -4.55170000e+02 -1.56950000e+02
 -8.07250000e+01 -9.81000000e+01 -4.49665000e+02  9.82200000e+01
 -1.09850000e+02 -2.80020000e+02  5.11000000e+00 -1.04355000e+02
  4.50080000e+02 -1.74390000e+02  2.28300000e+02  2.48060000e+02
  3.06880000e+02 -2.91445000e+02  2.83465000e+02 -6.35100000e+01
 -1.10170000e+02  1.74910000e+02 -2.52410000e+02  3.79420000e+02
 -3.92230000e+02 -4.20025000e+02 -1.60865000e+02 -1.29545000e+02
 -6.03550000e+01  4.50670000e+02 -7.83450000e+01  1.04305000e+02
  3.64645000e+02 -6.00000000e-01  7.73745000e+02 -5.53205000e+02
  3.43235000e+02 -1.15735000e+02  2.66000000e+00  2.20500000e+01
 -1.79590000e+02 -1.23570000e+02  4.75670000e+02 -3.70565000e+02
  2.44755000e+02 -2.55200000e+02  6.61300000e+01 -1.95035000e+02
 -2.16225000e+02 -3.00970000e+02  7.80700000e+01  1.17225000e+02
  9.00900000e+01 -2.73500000e+01  6.05500000e+01  4.43805000e+02
 -1.51285000e+02  7.16600000e+01  1.99685000e+02  2.08650000e+01
 -9.43300000e+01  2.47500000e+00 -6.66200000e+01 -1.11490000e+02
  4.12330000e+02  1.46760000e+02 -2.90185000e+02  2.46865000e+02
 -1.37755000e+02  1.22750000e+01 -4.26250000e+01  6.59895000e+02
  4.33645000e+02 -2.65055000e+02 -3.53810000e+02  3.43700000e+01
  9.19350000e+01  6.03350000e+01  1.53885000e+02  4.32720000e+02
  1.34560000e+02 -4.04040000e+02 -3.24070000e+02  9.42350000e+01
 -3.14710000e+02  1.42315000e+02  2.32590000e+02 -2.57800000e+01
  5.54650000e+01 -4.45940000e+02 -1.48060000e+02  1.08150000e+01
 -1.05045000e+02  7.96150000e+01  3.20100000e+01  5.43050000e+01
  1.48880000e+02 -1.08415000e+02  5.04000000e+01 -5.58300000e+01
  8.28950000e+01 -5.21835000e+02 -3.80050000e+02  4.74200000e+01
  4.00200000e+01 -2.15470000e+02 -1.39310000e+02  1.01750000e+01
  1.87450000e+01 -1.50260000e+02  2.41290000e+02  9.89900000e+01
  1.15970000e+02  6.15380000e+02 -2.11805000e+02 -4.55950000e+01
 -1.30225000e+02  1.22445000e+02 -2.88205000e+02  2.22195000e+02
 -2.14170000e+02  2.73360000e+02 -2.65625000e+02 -1.20570000e+02
 -1.11615000e+02  5.19615000e+02  4.51310000e+02 -5.19390000e+02
 -2.88615000e+02  6.59150000e+01 -3.56710000e+02 -9.60750000e+01
 -5.58820000e+02  4.94400000e+01  1.61175000e+02  9.50350000e+01
 -2.89450000e+01 -6.48550000e+01 -7.94400000e+01  4.02905000e+02
  2.31295000e+02 -3.30800000e+01 -3.00225000e+02 -7.37200000e+01
 -2.38395000e+02 -8.72300000e+02 -7.09050000e+01 -5.83985000e+02
 -3.08520000e+02  4.23260000e+02 -2.01875000e+02 -1.83355000e+02
 -4.95950000e+01  8.60815000e+02 -6.63000000e+00  3.63035000e+02
  2.16195000e+02 -1.80730000e+02  3.29095000e+02 -2.82650000e+02
  1.69992500e+03 -3.02380000e+02 -3.08325000e+02  5.36275000e+02
 -1.80405000e+02 -1.45660000e+02  1.07765000e+02  3.26995000e+02
  1.21346500e+03 -5.33785000e+02  5.41845000e+02 -9.58545000e+02
 -5.29000000e+01  8.31400000e+01  3.68000000e+02 -8.22985000e+02
 -4.92305000e+02 -3.24460000e+02 -2.94900000e+01  1.08590000e+02
 -1.76170000e+02  3.61790000e+02  2.51235000e+02 -2.10395000e+02
  8.17450000e+01 -2.76935000e+02  2.34665000e+02  4.86425000e+02
 -3.08155000e+02 -2.91645000e+02  1.50350000e+01  5.26120000e+02
  3.22040000e+02  3.04840000e+02 -3.46670000e+02 -1.84820000e+02
  4.58375000e+02  3.64445000e+02 -2.96605000e+02  3.87320000e+02
 -3.57940000e+02 -1.14675000e+02 -2.20275000e+02 -2.63645000e+02
  2.06610000e+02 -1.76705000e+02  2.82000000e+00 -6.67305000e+02
 -6.28100000e+01  1.77390000e+02  4.20160000e+02  2.84805000e+02
  2.56560000e+02  7.89850000e+01 -2.43550000e+02 -2.71185000e+02
 -1.67400000e+02  4.42420000e+02  2.32390000e+02 -2.31985000e+02
 -2.41825000e+02  2.06870000e+02 -3.75995000e+02 -3.04405000e+02
 -2.50240000e+02 -1.40810000e+02  1.72210000e+02 -2.90540000e+02
 -2.71460000e+02  4.20000000e+01 -2.64500000e+00 -6.08900000e+01
 -2.80540000e+02  5.45615000e+02 -2.20990000e+02  1.07520000e+02
 -9.09300000e+01]
[-128.18382232  214.86104227   23.40636583 ...  249.26221144  -53.30878023
  260.66077275]
