[229.7625 227.3575 241.6175 241.2575 248.385  258.1825 265.5425 271.0375
 272.38   270.6025 244.935  242.87   247.895  263.74   263.62   259.2525
 227.1225 224.78   232.59   235.1275 249.2225 247.88   254.995  242.975
 254.54   261.4075 265.555  266.1025 272.07   298.47   329.79   343.6825
 338.42   355.64   361.075  344.2075 345.3525 337.85  ]
[  7.8425  -6.1375   0.       0.       0.      -4.2275   0.       0.
   0.       0.       0.       0.      -3.29     0.       3.15     0.
   0.       0.       0.       0.      -3.1275  -3.12     3.77     0.
   0.       0.       0.       0.       0.     -12.14    -7.175    0.
  -3.05    -5.875    4.045    3.9175   0.       3.44  ]
[ 0.          0.          0.          0.         -2.75418091  0.
  0.          0.          0.          0.          0.          0.
  0.          0.          0.          0.         -3.27036886  0.
  0.          0.         -6.11293812  0.          2.6905413   0.
  0.          0.         -2.82489159  0.          0.          0.
  0.          5.80888221  0.          0.          2.6905413   0.
 -3.80777002  0.          0.          0.         -3.15723178  0.
  0.         -3.01227489  0.          3.39764808  5.67099639  0.
  0.          0.          0.          0.          0.          0.
  0.          0.          0.          0.         -8.64791593  0.
 -4.1401102   0.          0.          0.          0.          0.
 -3.46128769  0.          0.          5.00631601  0.          0.
 -3.71938167  0.          3.95979797  0.        ]
[ 2.645  0.     0.     0.     0.     0.     0.     0.     0.     0.
  0.     0.     0.     0.     0.     0.     0.     0.     0.     0.
  0.     0.     0.     0.     0.     0.     0.     0.     0.     0.
  0.     0.     0.     0.     0.     0.     0.     0.     0.     0.
 -3.315  0.     0.     0.     0.     0.     0.     0.     0.     0.
  0.     0.     0.     0.     0.     0.     0.     0.     0.     0.
  0.     0.     0.     0.     0.     0.     0.     0.     0.     0.
  0.     2.61   0.     0.     0.     0.     0.     0.     0.     0.
  0.     0.     0.     0.     0.     0.     0.     0.     0.     0.
  0.     0.     0.     0.     0.     0.     0.     0.     0.     0.
  0.     0.     0.     0.     0.     0.     0.     0.     0.     0.
  0.     0.     0.     0.     0.     0.     0.    -3.74   0.     0.
  0.     0.     0.     0.     0.     0.     0.     0.     0.     0.
  0.     0.     0.     0.     0.     0.     0.     0.     0.     0.
  0.     0.     0.     0.     0.     0.     0.     0.     0.     0.
  0.     0.   ]
[0.         0.         0.         0.         0.         0.
 0.         0.         0.         0.         0.         0.
 0.         0.         0.         0.         0.         0.
 0.         0.         0.         0.         0.         0.
 0.         0.         0.         0.         0.         0.
 0.         0.         0.         0.         0.         0.
 0.         0.         0.         0.         0.         0.
 0.         0.         0.         0.         0.         0.
 0.         0.         0.         0.         0.         0.
 0.         0.         0.         0.         0.         0.
 0.         0.         0.         0.         0.         0.
 0.         0.         0.         0.         0.         0.
 0.         0.         0.         0.         0.         0.
 0.         0.         9.54594155 0.         0.         0.
 0.         0.         0.         0.         0.         0.
 0.         0.         0.         0.         0.         0.
 0.         0.         0.         0.         0.         0.
 0.         0.         0.         0.         0.         0.
 0.         0.         0.         0.         0.         0.
 0.         0.         0.         0.         0.         0.
 0.         0.         0.         0.         0.         0.
 0.         0.         0.         0.         0.         0.
 0.         0.         0.         0.         0.         0.
 0.         0.         0.         0.         0.         0.
 0.         0.         0.         0.         0.         0.
 0.         0.         0.         0.         0.         0.
 0.         0.         0.         0.         0.         0.
 0.         0.         0.         0.         0.         0.
 0.         0.         0.         0.         0.         0.
 0.         0.         0.         0.         0.         0.
 0.         0.         0.         0.         0.         0.
 0.         0.         0.         0.         0.         0.
 0.         0.         0.         0.         0.         0.
 0.         0.         0.         0.         0.         0.
 0.         0.         0.         0.         0.         0.
 0.         0.         0.         0.         0.         0.
 0.         0.         0.         0.         0.         0.
 0.         0.         0.         0.         0.         0.
 0.         0.         0.         0.         0.         0.
 0.         0.         0.         0.         0.         0.
 0.         0.         0.         0.         0.         0.
 0.         0.         0.         0.         0.         0.
 0.         0.         0.         0.         0.         0.
 0.         0.         0.         0.         0.         0.
 0.         0.         0.         0.         0.         0.
 0.         0.         0.         0.         0.         0.
 0.         0.         0.         0.         0.         0.
 0.         0.         0.         0.         0.         0.
 0.         0.         0.         0.         0.         0.
 0.         0.         0.         0.         0.         0.
 0.         0.         0.         0.        ]
