[ 87729.22605   88175.45305   82952.44725   73829.332525  58105.940175
  55237.317125  55753.207475  59440.194625  52868.614725  52954.817375
  49514.9601    57345.240225  62924.937475  69596.42665   73118.43505
  72448.0728    81043.60345   81388.867675  83936.599275  84766.037625
  87728.085425  89687.83385   86925.552475  87607.592     81150.612775
  82321.571225  84603.829325  86998.2095    81767.004425  78148.222425
  81339.97755   81850.912575  85216.5581    83595.74265   88553.811925
  93696.555     96313.505     92744.985     92173.31      95808.2375
  93186.7125    92814.8425    93262.5075    95364.66      92191.2125
  90095.1875    88884.8375    88239.995     79185.1875    77967.275
  71288.63      77064.29      74119.8375    74340.17      75988.4325
  82705.95      85256.625     83933.9575    82537.0975    80747.125
  74727.9125    77117.4425    77045.2125    79927.4925    78816.325
  82628.25      85354.0275    86230.1425    88213.645     91397.3275
  94163.6625    92625.3575    90484.4825    88175.4575    90231.085
  91266.3125    83710.51      83982.205     87933.0475    88350.6725
  92289.9225    92570.8875    91779.74      95020.58      92657.0225
  91233.32      88084.7575    89552.545     87796.8375    90451.19
  90066.5075    92678.4075    93015.295     96449.13      99447.4575
  98834.5625    93585.705     93853.115     95118.95      93386.7325
  95218.275     98195.59      98657.6       96686.01     107466.1225
 111233.245    110132.8875   107004.555    100026.0325    97187.975
  86422.68      85999.3625    91288.485     90258.605     88552.4425
  86487.35      77710.395     76486.0025    80128.58      82304.735
  84171.86      80433.57      82921.24      83479.195     88306.9225
  91617.4375    94253.195     94228.17    ]
[    0.        2041.9922       0.        1242.997575  4444.015425
  2085.427475 -2593.117675     0.        1391.050325  1176.032225
 -1182.23475  -2465.120125 -1718.317875 -1258.2383    1150.0747
     0.       -1511.39545      0.       -1744.879625 -1642.012225
     0.        1000.1027    1508.026625     0.           0.
     0.           0.           0.        1300.024925     0.
     0.           0.           0.           0.       -1168.822325
     0.           0.           0.           0.           0.
     0.           0.       -2214.8475       0.           0.
  1942.0425       0.           0.           0.        2276.445
 -1760.955    -1648.02      1606.7275    1219.71     -1374.4875
  -990.01         0.           0.           0.        2669.03
     0.           0.           0.           0.           0.
     0.       -1059.5875    1058.3525       0.       -1114.9675
     0.           0.           0.           0.       -1686.165
  1152.2725    2056.87     -1431.03         0.           0.
     0.           0.           0.           0.           0.
     0.       -1362.7275       0.       -1441.0775       0.
 -1391.3475       0.           0.       -1828.37         0.
  1180.7575       0.       -1220.33         0.        1285.0625
     0.           0.           0.        -998.905    -3173.9325
  1262.22         0.           0.           0.           0.
  1338.715        0.           0.           0.        1030.6825
     0.        1389.75         0.       -1040.185        0.
  1303.885        0.         968.465    -1381.9          0.
     0.           0.           0.      ]
[    0.         -1865.16126007     0.           958.96382702
     0.             0.             0.          1324.30808177
     0.          3344.15174329     0.          1125.79202488
 -1269.18553729 -1666.59747347  1053.82255527     0.
  1033.39098767     0.             0.             0.
     0.             0.             0.             0.
     0.         -2283.35722123     0.         -1753.11177602
     0.             0.             0.         -1003.10489713
 -1033.95932475     0.             0.             0.
 -1386.00732036     0.             0.             0.
     0.             0.             0.             0.
     0.             0.             0.             0.
  1008.62086035     0.             0.             0.
     0.             0.             0.             0.
     0.             0.             0.             0.
  -972.17926385     0.             0.             0.
     0.             0.             0.             0.
     0.             0.             0.             0.
 -1598.793181    1166.75800876     0.             0.
     0.             0.             0.             0.
     0.             0.             0.             0.
     0.         -1156.9292245      0.             0.
     0.             0.          1044.20579698     0.
     0.           960.16969157     0.          1690.56857013
     0.             0.             0.             0.
  1195.40997554     0.         -1645.02028682     0.
     0.             0.             0.             0.
     0.             0.             0.             0.
     0.             0.             0.             0.
     0.             0.             0.          1232.60379223
     0.             0.             0.             0.
     0.             0.             0.             0.
     0.             0.             0.             0.
     0.             0.             0.             0.
     0.             0.             0.             0.
     0.             0.             0.             0.
     0.             0.             0.             0.
     0.             0.             0.             0.
     0.             0.             0.             0.
     0.             0.             0.             0.
     0.             0.             0.             0.
     0.             0.             0.             0.
     0.             0.             0.             0.
     0.             0.             0.           969.10398575
     0.             0.             0.             0.
     0.             0.             0.             0.
     0.             0.             0.             0.
     0.             0.             0.             0.
     0.             0.             0.             0.
     0.             0.             0.             0.
     0.             0.         -1012.78197163     0.
     0.             0.             0.             0.
 -2954.14363937     0.             0.             0.
     0.             0.             0.          1408.77237569
     0.             0.             0.             0.
  1290.55119295     0.             0.             0.
     0.             0.             0.             0.
     0.             0.             0.          1373.83776517
     0.             0.             0.             0.
     0.             0.             0.             0.
     0.          1149.5046033      0.             0.
     0.             0.             0.         -1049.88739997
     0.             0.             0.             0.
     0.             0.             0.        ]
[    0.          0.          0.          0.          0.          0.
     0.          0.          0.          0.          0.          0.
  1401.9111      0.          0.          0.          0.       1523.2256
  1168.54495     0.          0.          0.          0.          0.
     0.          0.          0.          0.          0.          0.
     0.          0.          0.          0.          0.          0.
     0.          0.          0.          0.          0.          0.
     0.          0.          0.          0.          0.          0.
     0.          0.      -1194.9897      0.          0.          0.
     0.          0.          0.          0.          0.          0.
     0.          0.          0.          0.          0.          0.
     0.          0.          0.          0.          0.          0.
     0.          0.          0.          0.          0.          0.
     0.          0.          0.          0.          0.          0.
     0.          0.          0.          0.          0.          0.
     0.          0.          0.          0.          0.          0.
     0.          0.          0.          0.          0.          0.
     0.          0.          0.          0.          0.          0.
     0.          0.          0.          0.          0.          0.
     0.          0.          0.          0.          0.          0.
     0.          0.          0.          0.          0.          0.
     0.          0.          0.          0.          0.          0.
     0.          0.          0.          0.          0.          0.
     0.          0.          0.          0.          0.          0.
     0.          0.          0.          0.          0.          0.
     0.          0.          0.          0.          0.          0.
     0.          0.          0.          0.          0.          0.
     0.          0.          0.          0.          0.          0.
     0.          0.          0.          0.          0.          0.
     0.          0.          0.          0.          0.          0.
     0.          0.          0.          0.          0.          0.
     0.          0.          0.          0.          0.       1220.375
     0.          0.          0.          0.          0.          0.
     0.          0.          0.          0.          0.          0.
     0.          0.          0.          0.          0.          0.
     0.          0.          0.          0.          0.          0.
     0.          0.          0.          0.          0.          0.
     0.          0.          0.          0.          0.          0.
     0.          0.          0.          0.          0.          0.
     0.          0.          0.          0.          0.          0.
     0.          0.          0.          0.          0.          0.
     0.          0.          0.          0.          0.          0.
     0.          0.          0.          0.          0.          0.
     0.          0.          0.          0.          0.          0.
     0.          0.          0.          0.          0.          0.
     0.          0.          0.          0.          0.          0.
     0.          0.          0.          0.          0.          0.
     0.          0.          0.          0.          0.          0.
     0.          0.          0.          0.          0.          0.
     0.          0.          0.          0.          0.          0.
     0.          0.          0.          0.          0.          0.
     0.          0.          0.          0.          0.          0.
     0.          0.          0.          0.          0.          0.
     0.          0.          0.          0.          0.          0.
     0.          0.          0.          0.          0.          0.
     0.          0.          0.          0.          0.          0.
     0.          0.          0.          0.          0.          0.
     0.          0.          0.          0.          0.          0.
     0.          0.          0.          0.          0.          0.
     0.          0.          0.          0.          0.          0.
     0.          0.          0.          0.          0.          0.
     0.          0.          0.          0.          0.          0.
     0.          0.          0.          0.          0.          0.
     0.          0.          0.          0.          0.          0.
     0.          0.          0.          0.          0.          0.
     0.          0.          0.          0.          0.          0.
     0.          0.          0.          0.          0.          0.
     0.          0.          0.          0.          0.          0.
     0.          0.          0.          0.          0.          0.
     0.          0.          0.      -1053.74        0.          0.
     0.          0.          0.          0.          0.          0.
     0.          0.          0.          0.          0.          0.
  1151.12        0.          0.          0.          0.          0.
     0.          0.       1132.065       0.          0.          0.
     0.          0.          0.          0.          0.          0.
     0.          0.          0.          0.          0.          0.
     0.          0.          0.          0.          0.          0.
     0.          0.          0.          0.          0.          0.
     0.          0.          0.          0.          0.          0.
     0.          0.          0.          0.          0.          0.
     0.          0.          0.          0.          0.          0.
     0.          0.          0.          0.          0.          0.
     0.          0.          0.          0.          0.          0.
     0.          0.          0.          0.          0.          0.
     0.          0.          0.          0.          0.     ]
[0. 0. 0. ... 0. 0. 0.]
