[119.9771305 116.9871305 109.0421305 110.3521305 108.8371305 109.1821305
 113.1971305 116.1421305 116.3021305 119.4521305 121.1971305 118.5621305
 120.1871305 120.1771305 117.5521305 117.9321305 119.7871305 123.2521305
 123.5971305 122.6771305 124.1321305 126.2121305 128.2821305 130.1971305
 129.8321305 129.5521305 131.1571305 132.9771305 133.4271305 135.4671305
 134.2871305 132.3921305 131.1721305 135.4671305 136.4371305 134.6021305
 134.8721305 134.5471305 132.5271305 132.5421305 122.0121305 124.7371305
 122.4071305 122.7821305 123.6821305 118.8371305 118.8071305 119.4021305
 121.6871305 119.8971305 122.2021305 124.7221305 127.5221305 131.8071305
 131.3671305 130.4671305 131.5721305 132.0971305 130.7921305 127.4621305
 130.2971305 129.2121305 130.5521305 123.2871305 116.8071305 111.3571305
 109.6271305 113.1671305 112.8171305 108.5971305 113.1571305 111.9271305
 111.3421305 116.5821305 116.0421305 115.0921305 117.6721305 116.1821305
 115.6221305 113.4021305 119.0671305 123.3371305 124.8271305 124.0321305
 120.0821305 121.1171305 121.3071305 125.4671305 128.0071305 127.3021305
 125.9371305 121.7921305 123.7871305 116.7421305 118.6771305 121.0221305
 125.7221305 125.1821305 125.3921305 124.9871305 128.3121305 128.2321305
 128.6221305 129.2321305 130.9921305 132.2221305 130.6221305 129.7721305
 131.3571305 130.0171305 130.1371305 133.5521305 133.3421305 133.1471305
 135.2271305 135.9171305 135.4371305 146.9871305 153.6121305 154.5271305
 155.9421305 162.9971305 167.1671305 167.5571305 170.2021305 170.8171305
 171.1221305 169.8671305 167.2371305 165.6171305 169.5721305 168.8021305
 170.9821305 175.4821305 178.3871305 178.9371305 182.3671305 181.1421305
 180.7121305 174.7371305 171.8421305 173.2671305 170.3571305 167.9871305
 168.6371305 173.8071305 171.2821305 171.4121305 171.4871305 167.1571305
 165.1521305 164.8821305]
[ 0.         0.         0.        -0.         0.        -0.
 -0.        -0.        -0.        -0.        -0.         0.
  0.         0.        -0.         0.        -0.        -0.
  0.         0.        -0.         0.        -0.        -0.
  0.         0.        -0.        -0.        -0.        -0.
  0.         0.        -0.        -0.        -0.         0.
  0.         0.         0.         0.        -0.         0.
  0.         0.         0.         0.         0.        -0.
  0.        -0.        -0.         0.         0.        -0.0071305
  0.        -0.         0.        -0.        -0.         0.
 -0.        -0.        -0.         0.         0.         0.
 -0.        -0.        -0.         0.        -0.         0.
 -0.        -0.        -0.        -0.        -0.         0.
  0.         0.        -0.2471305 -0.        -0.         0.
  0.        -0.        -0.        -0.         0.        -0.
  0.         0.        -0.        -0.         0.        -0.
 -0.        -0.        -0.         0.        -0.         0.
 -0.        -0.        -0.         0.         0.         0.
 -0.        -0.        -0.        -0.        -0.        -0.
 -0.         0.        -0.        -1.3071305  0.        -0.
 -0.        -0.        -0.        -0.        -0.         0.
  0.        -0.         0.        -0.         0.        -0.
 -0.        -0.        -0.        -0.         0.         0.
 -0.         0.6371305 -0.         0.         0.         0.
 -0.         0.         0.         0.        -0.         0.
  0.2221305 -0.       ]
[ 0.          0.         -0.          0.          0.         -0.
 -0.          0.         -0.          0.         -0.         -0.
  0.          0.         -0.         -0.          0.         -0.
 -0.         -0.          0.          0.          0.         -0.
 -0.         -0.          0.          0.          0.         -0.
  0.          0.          0.         -0.         -0.         -0.
  0.          0.          0.          0.         -0.          0.
 -0.         -0.         -0.         -0.          0.         -0.
 -0.          0.          0.          0.          0.         -0.
 -0.          0.         -0.          0.         -0.         -0.
  0.         -0.          0.         -0.         -0.         -0.
 -0.          0.          0.         -0.          0.          0.
 -0.          0.          0.          0.          0.         -0.
 -0.          0.          1.47334983  0.         -0.          0.
 -0.         -0.          0.         -0.         -0.          0.
  0.          0.          0.         -0.          0.         -0.
  0.          0.          0.         -0.         -0.          0.
 -0.         -0.         -0.         -0.          0.         -0.
 -0.          0.         -0.         -0.          0.         -0.
 -0.         -0.          0.          0.          0.          0.
 -0.          0.         -0.         -0.         -0.          0.
  0.          0.          0.         -0.          0.          0.
 -0.          0.         -0.         -0.          0.         -0.
  0.          0.         -0.          0.         -0.          0.
 -0.          0.         -0.          0.          0.          0.
  0.          0.         -0.         -0.         -0.         -0.
  0.          0.         -0.         -0.         -0.         -0.
 -0.         -0.          0.         -0.          0.          0.
  0.         -0.         -0.          0.         -0.         -0.
  0.         -0.          0.          0.          0.         -0.
  0.          0.          0.         -0.          0.         -0.
  0.         -0.          0.          0.         -0.         -0.
 -0.          0.         -0.          0.          0.          0.
 -0.         -0.         -0.         -0.          0.         -0.
 -0.         -0.         -0.          0.         -0.         -0.
  0.          0.          0.          0.         -0.         -0.
 -0.         -0.          0.         -0.         -0.         -0.
 -0.         -0.          0.          0.          0.          0.
  0.         -0.          0.          0.          0.         -0.
 -0.         -0.          0.         -0.         -0.         -0.
 -0.         -0.         -0.          0.         -0.          0.
 -0.          0.         -0.         -0.         -0.          0.
  0.          0.         -0.         -0.          0.         -0.
  0.         -0.         -0.          0.          0.         -0.
  0.         -0.         -0.         -0.         -0.         -0.
 -0.         -0.          0.          0.          0.          0.
 -0.          0.         -0.         -0.          0.         -0.
 -0.          0.          0.          0.          0.         -0.
  0.         -0.          0.          0.          0.         -0.
  0.          0.          0.         -0.          0.         -0.
 -0.         -0.         -0.         -0.        ]
