[120.8639831 118.3189831 110.9239831 112.4289831 110.2639831 111.1939831
 115.0239831 117.8739831 117.9989831 121.2839831 122.5539831 120.2939831
 121.6689831 121.4589831 118.7589831 119.4039831 121.1339831 125.2389831
 124.7589831 123.9139831 126.1789831 128.2439831 129.4189831 131.3839831
 131.1489831 130.7589831 132.7089831 134.4189831 135.0389831 136.6989831
 135.4939831 133.5239831 132.1239831 136.9089831 138.0289831 135.6639831
 136.0639831 135.9739831 133.7539831 133.8989831 125.2539831 126.1189831
 123.7689831 124.2639831 125.2489831 120.1839831 119.9239831 121.5889831
 122.8389831 121.7939831 123.9839831 126.8089831 129.4339831 133.2089831
 132.4689831 132.2689831 132.8989831 133.2039831 132.7939831 129.4239831
 132.1039831 130.5739831 131.7139831 124.5789831 117.7889831 113.4739831
 111.7639831 115.6389831 114.6439831 110.3889831 115.0639831 113.5989831
 113.8939831 118.1539831 117.0339831 116.6239831 119.3639831 117.3339831
 117.1139831 115.3089831 121.5989831 125.4389831 126.4439831 125.3939831
 121.8389831 122.8339831 124.1889831 127.4389831 129.3139831 129.0089831
 127.3189831 123.6539831 125.2789831 118.5289831 120.4689831 122.8339831
 126.7289831 126.2239831 126.5739831 126.5639831 129.8989831 129.3939831
 129.8439831 130.2189831 132.5989831 133.1439831 132.5589831 131.4589831
 132.5739831 131.5139831 132.5389831 134.9389831 134.5639831 134.8839831
 136.4239831 136.8039831 137.0539831 152.2039831 155.2439831 155.6339831
 158.3439831 164.4339831 169.1539831 170.0939831 171.7589831 171.7439831
 172.2589831 171.9339831 169.0689831 167.4239831 171.2139831 170.8089831
 172.1839831 178.0989831 180.0489831 180.9539831 183.6439831 182.3089831
 182.4489831 177.1139831 174.5889831 174.9439831 171.8389831 170.2489831
 170.6389831 175.1239831 172.6489831 172.9139831 172.9789831 168.8339831
 167.1939831 167.9789831]
[ 0.2239831  0.         0.        -0.         0.        -0.
 -0.        -0.        -0.        -0.        -0.         0.
  0.         0.        -0.         0.        -0.        -0.
  0.         0.        -0.         0.        -0.        -0.
  0.        -0.        -0.        -0.        -0.        -0.
  0.         0.        -0.        -0.        -0.         0.
  0.         0.         0.         0.         0.         0.
  0.         0.         0.         0.         0.        -0.
  0.        -0.        -0.        -0.        -0.        -0.3889831
  0.        -0.         0.        -0.         0.         0.
  0.        -0.        -0.         0.         0.         0.
 -0.        -0.        -0.         0.        -0.         0.
 -0.        -0.        -0.        -0.         0.        -0.
  0.        -0.        -0.0489831 -0.        -0.         0.
  0.        -0.        -0.0489831 -0.        -0.        -0.
  0.         0.        -0.        -0.         0.        -0.
 -0.         0.        -0.        -0.        -0.         0.
  0.        -0.        -0.         0.         0.         0.
 -0.        -0.        -0.        -0.        -0.        -0.
 -0.         0.        -0.        -0.8039831  0.        -0.
 -0.3139831 -0.        -0.         0.        -0.         0.
  0.        -0.         0.1689831 -0.         0.        -0.
 -0.        -0.        -0.        -0.         0.         0.
 -0.         0.5439831 -0.         0.         0.         0.
 -0.         0.        -0.        -0.        -0.         0.
  0.6939831 -0.6489831]
[ 0.          0.          0.         -0.          0.         -0.
 -0.          0.         -0.          0.         -0.          0.
  0.          0.         -0.          0.         -0.         -0.
 -0.          0.         -0.         -0.          0.         -0.
 -0.         -0.         -0.          0.          0.         -0.
  0.         -0.         -0.         -0.         -0.          0.
 -0.          0.          0.          0.          0.         -0.
  0.         -0.          0.         -0.         -0.          0.
 -0.         -0.          0.          0.          0.          0.
 -0.          0.         -0.         -0.         -0.          0.
  0.          0.          0.          0.         -0.         -0.
 -0.          0.          0.         -0.          0.         -0.
  0.         -0.          0.         -0.          0.         -0.
 -0.          0.          0.          0.          0.          0.
 -0.         -0.          0.         -0.         -0.          0.
  0.          0.          0.         -0.          0.         -0.
  0.          0.          0.         -0.         -0.         -0.
  0.         -0.          0.         -0.         -0.          0.
 -0.          0.         -0.         -0.          0.          0.
 -0.         -0.         -0.          0.          0.          0.
 -0.          0.         -0.         -0.         -0.          0.
 -0.          0.          0.         -0.          0.          0.
 -0.         -0.          0.         -0.          0.         -0.
  0.          0.39885683 -0.          0.         -0.          0.
 -0.         -0.         -0.          0.         -0.          0.
  0.          0.          0.          0.         -0.         -0.
 -0.          0.          0.         -0.         -0.          0.
 -0.         -0.          0.         -0.          0.          0.
  0.         -0.         -0.          0.         -0.         -0.
  0.         -0.          0.         -0.          0.          0.
  0.         -0.          0.         -0.          0.         -0.
  0.0099481  -0.          0.          0.         -0.         -0.
 -0.          0.         -0.          0.         -0.          0.
 -0.         -0.         -0.          0.          0.         -0.
 -0.          0.         -0.          0.         -0.         -0.
  0.         -0.          0.          0.          0.         -0.
 -0.         -0.          0.         -0.          0.         -0.
 -0.          0.          0.          0.         -0.          0.
  0.         -0.         -0.          0.          0.         -0.
 -0.11601412 -0.55442032  0.          0.         -0.         -0.
 -0.         -0.         -0.         -0.          0.          0.
 -0.          0.         -0.          0.         -0.          0.
  0.          0.         -0.         -0.          0.0099481  -0.
 -0.         -0.         -0.          0.          0.         -0.
  0.         -0.         -0.         -0.         -0.         -0.
 -0.         -0.15844053  0.          0.          0.          0.
 -0.          0.          0.         -0.          0.          0.
  0.          0.          0.          0.         -0.          0.
  0.         -0.          0.          0.          0.         -0.
  0.          0.          0.         -0.          0.          0.
  0.         -0.         -0.         -0.        ]
