[ 119.82238203  116.83238203  108.88738203  110.19738203  108.68238203
  109.02738203  113.04238203  115.98738203  116.14738203  119.29738203
  121.04238203  118.40738203  120.03238203  120.02238203  117.39738203
  117.77738203  119.63238203  123.09738203  123.44238203  122.52238203
  123.97738203  126.05738203  128.12738203  130.04238203  129.67738203
  129.39738203  131.00238203  132.82238203  133.27238203  135.31238203
  134.13238203  132.23738203  131.01738203  135.31238203  136.28238203
  134.44738203  134.71738203  134.39238203  132.37238203  132.38738203
  121.85738203  124.58238203  122.25238203  122.62738203  123.52738203
  118.68238203  118.65238203  119.24738203  121.53238203  119.74238203
  122.04738203  124.56738203  127.36738203  131.65238203  131.21238203
  130.31238203  131.41738203  131.94238203  130.63738203  127.30738203
  130.14238203  129.05738203  130.39738203  123.13238203  116.65238203
  111.20238203  109.47238203  113.01238203  112.66238203  108.44238203
  113.00238203  111.77238203  111.18738203  116.42738203  115.88738203
  114.93738203  117.51738203  116.02738203  115.46738203  113.24738203
  118.91238203  123.18238203  124.67238203  123.87738203  119.92738203
  120.96238203  121.15238203  125.31238203  127.85238203  127.14738203
  125.78238203  121.63738203  123.63238203  116.58738203  118.52238203
  120.86738203  125.56738203  125.02738203  125.23738203  124.83238203
  128.15738203  128.07738203  128.46738203  129.07738203  130.83738203
  132.06738203  130.46738203  129.61738203  131.20238203  129.86238203
  129.98238203  133.39738203  133.18738203  132.99238203  135.07238203
  135.76238203  135.28238203  146.83238203  153.45738203  154.37238203
  155.78738203  162.84238203  167.01238203  167.40238203  170.04738203
  170.66238203  170.96738203  169.71238203  167.08238203  165.46238203
  169.41738203  168.64738203  170.82738203  175.32738203  178.23238203
  178.78238203  182.21238203  180.98738203  180.55738203  174.58238203
  171.68738203  173.11238203  170.20238203  167.83238203  168.48238203
  173.65238203  171.12738203  171.25738203  171.33238203  167.00238203
  164.99738203  164.72738203]
[ 0.          0.          0.          0.          0.          0.          0.
  0.          0.          0.          0.          0.          0.          0.
  0.          0.          0.          0.          0.          0.          0.
  0.          0.          0.          0.          0.          0.          0.
  0.          0.          0.          0.          0.          0.          0.
  0.          0.          0.          0.          0.          0.          0.
  0.          0.          0.          0.          0.          0.          0.
  0.          0.          0.          0.          0.          0.          0.
  0.          0.          0.          0.          0.          0.          0.
  0.          0.          0.          0.          0.          0.          0.
  0.          0.          0.          0.          0.          0.          0.
  0.          0.          0.         -0.09238203  0.          0.          0.
  0.          0.          0.          0.          0.          0.          0.
  0.          0.          0.          0.          0.          0.          0.
  0.          0.          0.          0.          0.          0.          0.
  0.          0.          0.          0.          0.          0.          0.
  0.          0.          0.          0.          0.         -1.15238203
  0.          0.          0.          0.          0.          0.          0.
  0.          0.          0.          0.          0.          0.          0.
  0.          0.          0.          0.          0.          0.          0.
  0.48238203  0.          0.          0.          0.          0.          0.
  0.          0.          0.          0.          0.06738203  0.        ]
[ 0.          0.          0.          0.          0.          0.          0.
  0.          0.          0.          0.          0.          0.          0.
  0.          0.          0.          0.          0.          0.          0.
  0.          0.          0.          0.          0.          0.          0.
  0.          0.          0.          0.          0.          0.          0.
  0.          0.          0.          0.          0.          0.          0.
  0.          0.          0.          0.          0.          0.          0.
  0.          0.          0.          0.          0.          0.          0.
  0.          0.          0.          0.          0.          0.          0.
  0.          0.          0.          0.          0.          0.          0.
  0.          0.          0.          0.          0.          0.          0.
  0.          0.          0.          1.31860137  0.          0.          0.
  0.          0.          0.          0.          0.          0.          0.
  0.          0.          0.          0.          0.          0.          0.
  0.          0.          0.          0.          0.          0.          0.
  0.          0.          0.          0.          0.          0.          0.
  0.          0.          0.          0.          0.          0.          0.
  0.          0.          0.          0.          0.          0.          0.
  0.          0.          0.          0.          0.          0.          0.
  0.          0.          0.          0.          0.          0.          0.
  0.          0.          0.          0.          0.          0.          0.
  0.          0.          0.          0.          0.          0.          0.
  0.          0.          0.          0.          0.          0.          0.
  0.          0.          0.          0.          0.          0.          0.
  0.          0.          0.          0.          0.          0.          0.
  0.          0.          0.          0.          0.          0.          0.
  0.          0.          0.          0.          0.          0.          0.
  0.          0.          0.          0.          0.          0.          0.
  0.          0.          0.          0.          0.          0.          0.
  0.          0.          0.          0.          0.          0.          0.
  0.          0.          0.          0.          0.          0.          0.
  0.          0.          0.          0.          0.          0.          0.
  0.          0.          0.          0.          0.          0.          0.
  0.          0.          0.          0.          0.          0.          0.
  0.          0.          0.          0.          0.          0.          0.
  0.          0.          0.          0.          0.          0.          0.
  0.          0.          0.          0.          0.          0.          0.
  0.          0.          0.          0.          0.          0.          0.
  0.          0.          0.          0.          0.          0.          0.
  0.          0.          0.          0.          0.          0.          0.
  0.          0.          0.          0.          0.          0.          0.
  0.          0.          0.          0.          0.          0.          0.
  0.          0.          0.          0.          0.          0.          0.
  0.          0.          0.        ]
