[ 117.92933911  116.08433911  109.10433911  110.84933911  107.88433911
  110.05433911  113.65433911  116.73933911  116.98433911  120.26933911
  120.87933911  118.91933911  120.48933911  119.65933911  117.21433911
  118.14433911  119.91933911  123.94933911  123.04933911  122.63433911
  124.97933911  126.53933911  128.57433911  130.27933911  130.04433911
  129.42433911  131.05433911  133.48933911  134.02433911  135.28933911
  133.66433911  132.24433911  130.72433911  135.88433911  136.42433911
  134.33933911  134.66433911  134.34433911  132.83933911  132.29433911
  120.71933911  124.46433911  122.33933911  122.27433911  123.03933911
  118.99433911  118.51433911  120.53433911  121.33933911  120.31433911
  122.37933911  125.83933911  127.77433911  131.45433911  130.67933911
  131.25933911  131.41433911  131.44433911  130.70933911  127.08933911
  129.53933911  129.65933911  130.41933911  122.59933911  114.40933911
  111.26433911  109.85433911  113.72433911  112.67933911  108.04933911
  113.59433911  111.70933911  112.40933911  117.23933911  115.30933911
  115.37933911  117.94433911  116.19433911  115.70933911  113.41933911
  120.14933911  124.09933911  125.18933911  123.95933911  120.19433911
  120.79433911  122.75933911  125.89933911  128.09433911  127.77933911
  125.93933911  121.65933911  123.42433911  116.34933911  118.95433911
  121.32433911  125.09433911  125.14433911  125.59933911  125.42433911
  128.79933911  128.27433911  129.08933911  129.17933911  131.46933911
  132.03433911  131.12933911  129.90933911  131.35433911  129.63433911
  131.07933911  133.84933911  132.66433911  133.78433911  135.39933911
  135.39433911  135.40933911  150.43433911  153.62933911  154.51933911
  156.98433911  163.69433911  167.43433911  167.93433911  170.99433911
  170.28933911  170.56933911  170.34933911  166.12933911  166.44933911
  169.55433911  169.12933911  170.82433911  176.79933911  179.09933911
  179.87433911  181.51933911  180.09433911  180.16433911  173.55433911
  173.08433911  173.23433911  169.37433911  167.79433911  168.39933911
  173.03433911  171.21433911  171.52433911  171.89933911  166.23933911
  165.83433911  166.77433911]
[ 0.          0.          0.          0.          0.          0.          0.
  0.          0.          0.          0.          0.          0.          0.
  0.          0.          0.          0.          0.          0.          0.
  0.          0.          0.          0.          0.          0.          0.
  0.          0.          0.          0.          0.          0.          0.
  0.          0.          0.          0.          0.          0.          0.
  0.          0.          0.          0.          0.          0.          0.
  0.          0.          0.          0.          0.          0.          0.
  0.          0.          0.          0.          0.          0.          0.
  0.          0.          0.          0.          0.          0.          0.
  0.          0.          0.          0.          0.          0.          0.
  0.          0.          0.          0.          0.          0.          0.
  0.          0.          0.          0.          0.          0.          0.
  0.          0.          0.          0.          0.          0.          0.
  0.          0.          0.          0.          0.          0.          0.
  0.          0.          0.          0.          0.          0.          0.
  0.          0.          0.          0.          0.         -0.53433911
  0.          0.          0.          0.          0.          0.          0.
  0.          0.          0.          0.          0.          0.          0.
  0.          0.          0.          0.          0.          0.          0.
  0.          0.          0.          0.          0.          0.          0.
  0.          0.          0.          0.          0.40433911  0.        ]
[ 0.  0.  0.  0.  0.  0.  0.  0.  0.  0.  0.  0.  0.  0.  0.  0.  0.  0.
  0.  0.  0.  0.  0.  0.  0.  0.  0.  0.  0.  0.  0.  0.  0.  0.  0.  0.
  0.  0.  0.  0.  0.  0.  0.  0.  0.  0.  0.  0.  0.  0.  0.  0.  0.  0.
  0.  0.  0.  0.  0.  0.  0.  0.  0.  0.  0.  0.  0.  0.  0.  0.  0.  0.
  0.  0.  0.  0.  0.  0.  0.  0.  0.  0.  0.  0.  0.  0.  0.  0.  0.  0.
  0.  0.  0.  0.  0.  0.  0.  0.  0.  0.  0.  0.  0.  0.  0.  0.  0.  0.
  0.  0.  0.  0.  0.  0.  0.  0.  0.  0.  0.  0.  0.  0.  0.  0.  0.  0.
  0.  0.  0.  0.  0.  0.  0.  0.  0.  0.  0.  0.  0.  0.  0.  0.  0.  0.
  0.  0.  0.  0.  0.  0.  0.  0.  0.  0.  0.  0.  0.  0.  0.  0.  0.  0.
  0.  0.  0.  0.  0.  0.  0.  0.  0.  0.  0.  0.  0.  0.  0.  0.  0.  0.
  0.  0.  0.  0.  0.  0.  0.  0.  0.  0.  0.  0.  0.  0.  0.  0.  0.  0.
  0.  0.  0.  0.  0.  0.  0.  0.  0.  0.  0.  0.  0.  0.  0.  0.  0.  0.
  0.  0.  0.  0.  0.  0.  0.  0.  0.  0.  0.  0.  0.  0.  0.  0.  0.  0.
  0.  0.  0.  0.  0.  0.  0.  0.  0.  0.  0.  0.  0.  0.  0.  0.  0.  0.
  0.  0.  0.  0.  0.  0.  0.  0.  0.  0.  0.  0.  0.  0.  0.  0.  0.  0.
  0.  0.  0.  0.  0.  0.  0.  0.  0.  0.  0.  0.  0.  0.  0.  0.  0.  0.
  0.  0.  0.  0.  0.  0.  0.  0.  0.  0.  0.  0.  0.  0.  0.  0.]
